2 0.39903846093749995 0.5637019234375 0.17788461562499996 0.10336538437499998
2 0.29927884609375 0.6754807695312499 0.1658653859375 0.09615384531250004
2 0.20552884609375 0.74639423125 0.1033653859375 0.16586538437499998
2 0.56009615390625 0.7884615390625 0.1442307703125001 0.1874999999999999
2 0.8173076921875 0.818509615625 0.09615384687499995 0.23798076874999996
2 0.78125 0.634615384375 0.09134615312499994 0.13461538437499998
2 0.9891826921875 0.802884615625 0.02163461562499991 0.16826923125000004
2 0.1670673078125 0.15264423046875 0.07932692187500001 0.22355769218750002
2 0.21514423124999998 0.109375 0.07451923125000001 0.204326921875
2 0.203125 0.3485576921875 0.05528846249999997 0.15384615312499994
4 0.25360576953125 0.4795673078125 0.09855769218750005 0.13701923124999998
2 0.64903846171875 0.6923076921875 0.12019230781250001 0.11057692187500001
2 0.36899038515625 0.82572115390625 0.08894230781250001 0.1514423078125
2 0.921875 0.84134615390625 0.06009615312499994 0.16346153906250005
2 0.9206730765625 0.6358173070312501 0.08173076875000007 0.0889423078124999
2 0.50721153828125 0.59375 0.10576922968750008 0.11538461562500002
2 0.6081730773437499 0.4795673078125 0.08653846093750006 0.13221153749999998
2 0.48076923125 0.38461538515625 0.10576923124999993 0.20192307656249997
2 0.322115384375 0.421875 0.096153846875 0.07451923125000004
2 0.5300480765625 0.44951923046875 0.09374999999999994 0.0961538453125001
2 0.56490384609375 0.33052884609375 0.03846153906250005 0.1514423078125
2 0.35817307734375 0.26923076953125 0.16346153906249994 0.09615384531249999
2 0.3641826921875 0.21875 0.09375000000000006 0.03846153750000003
4 0.39423076953125 0.46033653828125 0.0865384609375 0.1177884609375
2 0.52403846171875 0.1610576921875 0.12019230781250007 0.173076921875
2 0.2608173078125 0.03966346171875 0.064903846875 0.0793269234375
2 0.34615384609375 0.0456730765625 0.08173077031249998 0.091346153125
2 0.51682692265625 0.027644230468749996 0.07692307656249997 0.05528846093749999
