2 0.45250017265625003 0.6082495703125 0.1193908265625 0.17169814687500007
2 0.3575153296875 0.7257011835937499 0.11226807500000002 0.1660795734374999
2 0.3038328609375 0.8307764671875 0.17548068125000002 0.09019944062499996
2 0.205312746875 0.48870737265624997 0.20248960625 0.12830543906250003
2 0.13784215156250001 0.23698883984375 0.244451940625 0.07541572656250001
2 0.32379685 0.2417669625 0.14047893437499998 0.07367557812499997
2 0.12262716484375 0.0589569296875 0.1661975578125 0.037162121874999995
2 0.89002908671875 0.7741192796874999 0.21994182656249994 0.059924099999999925
2 0.9123854015624999 0.7193013976562499 0.17522919687500005 0.05705582343749993
2 0.6973354390625 0.76890612109375 0.1504478749999999 0.07366804843749997
4 0.5586666890625 0.7418565312500001 0.13784662187499996 0.10688546874999993
2 0.28618111562500004 0.38156384453125003 0.09680607187499995 0.1326261828125
2 0.19727925546875 0.6818548609375 0.1589789109375 0.07318154999999993
2 0.09855279375 0.1412298171875 0.16746576562499998 0.04807493750000001
2 0.29779079531249997 0.10599962890625 0.08032639375 0.0903836984375
2 0.40808626875 0.5097402531249999 0.10207069375 0.113374115625
2 0.5026950671875001 0.39090244609375 0.12118268437500002 0.10051480468749996
2 0.615092171875 0.5000037648437501 0.19191618124999987 0.12966201093750007
2 0.6049904359375 0.6630970742187501 0.0863872843750001 0.08932936718750006
2 0.544970690625 0.46148482187499995 0.08519287812499998 0.10500524687499996
2 0.6574195062499999 0.4073858921875 0.15070593437500002 0.05392195312499992
2 0.74772940078125 0.6053556843750001 0.08018631718750002 0.16772382500000005
2 0.8019131789062499 0.5912761117187499 0.04614300468749999 0.09485204843750006
4 0.554969003125 0.5975102148437501 0.10956949062499999 0.0971304046875
2 0.82969276640625 0.4233532171875 0.1871159671875 0.09817017500000003
2 0.974480921875 0.6586658734375 0.051038156249999966 0.05035329687500001
2 0.9612124296875 0.5760721695312501 0.07757514062500004 0.06058029843750001
2 0.96466006484375 0.40854741171875 0.0651370109374999 0.07296767031250001
