2 0.43802784765625 0.60189010234375 0.10527947343749999 0.17739604218750005
2 0.3279860953125 0.70375314453125 0.09806903437500003 0.16609184218749995
2 0.25890838437499997 0.79870550078125 0.16714066249999998 0.10167152656249989
2 0.21049161953125 0.44549273515625 0.18940127656250003 0.1421950640625
2 0.176231853125 0.18836232421875 0.23899334687499998 0.0939576515625
2 0.36058053437500004 0.22097438671875 0.13543394062500003 0.08948631406250002
2 0.1884353125 0.0155905375 0.16824360312499997 0.02339334375
2 0.8531133421874999 0.8267778382812501 0.224572465625 0.07725914843749992
2 0.8954739953125 0.7778901554687501 0.20521876562499997 0.07266195468750014
2 0.6567472609375 0.79378819921875 0.15365490937499993 0.05674839218750005
4 0.52441510546875 0.74662939765625 0.13666273906249998 0.09841682343750002
2 0.3050575875 0.35419363437499995 0.109175634375 0.12172625937499998
2 0.1764470765625 0.63684209140625 0.15246806562499998 0.08729259843750004
2 0.15153188828125 0.08465 0.1641078890625 0.058828412499999996
2 0.35660990312499996 0.0818452390625 0.08808970312500003 0.0826832375
2 0.40634818437500003 0.49455158203125005 0.11402455 0.10650827343750008
2 0.5184787703125 0.39159168125 0.13114257812499996 0.08820339687500006
2 0.6154929 0.5171092187499999 0.20105326562499992 0.10856396562500004
2 0.581217615625 0.6764521007812501 0.0759342812499999 0.09550990781250002
2 0.54992769375 0.46897060703125004 0.09504842499999999 0.0951201671875
2 0.668333590625 0.431875665625 0.1515451000000001 0.04013379687499996
2 0.73306246953125 0.638092490625 0.09425132031249994 0.16381421875000002
2 0.78399703203125 0.63101399140625 0.03916887968750005 0.09398743906250007
4 0.5414194421875 0.60497699296875 0.11701536874999985 0.08782582031249997
2 0.8383243210937499 0.470238628125 0.1748545359374999 0.11753096875000002
2 0.9621714070312499 0.7308815421875 0.07565718593750004 0.06413880937499994
2 0.95534462578125 0.64583069453125 0.08931074843749998 0.0804177828125
2 0.9719233507812499 0.47482701250000003 0.056153298437500054 0.07657573750000007
