5 0.585199984375 0.32337993046875 0.151148696875 0.0732201328125
4 0.59609375 0.09921875 0.025 0.021875
2 0.47344720390625006 0.31953603125 0.02225037343749997 0.027721003125000032
4 0.55968886015625 0.49854543359375003 0.14805388281249998 0.06914002343749998
4 0.53441714765625 0.57268115078125 0.12234450781249995 0.09651035468749991
4 0.755452625 0.83281107421875 0.07900975312499992 0.06264826093749998
0 0.8386225437500001 0.7903913812500001 0.31637652812500006 0.18515150000000002
4 0.6727341351562499 0.9169540554687501 0.11991501406249994 0.06390909843750003
4 0.6279390828125 0.6452544437500001 0.07949170312499998 0.060434746875000056
4 0.56715166953125 0.92461328359375 0.10418263906250003 0.10937379531250002
4 0.42053059140625 0.768914228125 0.04980310156250001 0.06365102812500001
