5 0.6373313328125001 0.6387668718749999 0.07303925 0.15020666875
4 0.84375 0.72734375 0.0234375 0.0265625
2 0.6775344375000001 0.5350577875 0.03140367187500004 0.02130693125000005
4 0.483075346875 0.5583564953125 0.10217831875 0.1561843375
4 0.4231340453125 0.5102487265625 0.09572549999999996 0.10153431250000006
4 0.0993849984375 0.6223772875 0.06817466562499999 0.08350220312500012
0 0.12278894453125 0.72911781953125 0.2455778890625 0.2876412359375
4 0.0471399 0.52390994296875 0.0939910125 0.10489729531250003
4 0.31963975859375005 0.5702076960937499 0.06298489531250001 0.07751882343750005
4 0.07880285 0.41665891484374995 0.12109645937499999 0.12090850468749997
4 0.2725526359375 0.33316602265624995 0.071600653125 0.061849598437499986
