5 0.66468191796875 0.60581010859375 0.07019742968750009 0.1516296640625
4 0.8859375 0.64453125 0.01875 0.0234375
2 0.681707015625 0.4951113921875 0.0289304656249999 0.01975969687500001
4 0.49626775156249997 0.5600518421875 0.07919929375000001 0.15302888125000008
4 0.42487988125 0.525718446875 0.09004851562499999 0.11444468124999996
4 0.13835788125 0.7116202171875 0.06549670937500002 0.08171941562500007
0 0.17239840625 0.806870878125 0.20805718125 0.3055484125000001
4 0.06439987421875 0.621162021875 0.0755249140625 0.11431270625
4 0.340488875 0.6093528578125 0.06048260624999996 0.07935758124999992
4 0.06941397734375 0.514170996875 0.1125039171875 0.11100614062499997
4 0.2420871203125 0.38828530937500005 0.06737699687500004 0.05479452187500006
