2 0.18246694375 0.84613584296875 0.20468615312500002 0.2516150046875
2 0.4253026796875 0.75117294921875 0.163069059375 0.18113241406250002
2 0.5176345265625 0.8499706953125 0.13673331562499996 0.06408891249999993
2 0.7528931921875 0.9705857421874999 0.04249253749999993 0.030821778124999866
2 0.4384147796875 0.50581268515625 0.07972539687500002 0.1306215765625
4 0.23125016953125 0.74704748515625 0.09105617968749999 0.1118987734375001
2 0.115860446875 0.26855557890625004 0.20663375312499999 0.2565279765625
2 0.16622134140625 0.20460032578124998 0.1916154671875 0.18287562031250001
2 0.19639349453125002 0.052989861718749996 0.1370499484375 0.10597972343749999
2 0.38342369296875 0.17274655 0.0959221609375 0.05194220937499999
2 0.41156713125 0.22611508281249998 0.09564811249999994 0.08122866874999998
4 0.26789928359375 0.34185926718750004 0.0434635890625 0.09466195625000001
2 0.72378709296875 0.8913273359375 0.07525202656249996 0.04502437812499993
