2 0.73127601640625 0.9009962929687501 0.2516008421874999 0.1980074140625
2 0.5191175445312499 0.76506875390625 0.14504623281250006 0.1860903734374999
2 0.4043153234375 0.834622409375 0.1397338562499999 0.054533193749999986
2 0.14835164843749998 0.9033029765625 0.047092921875 0.023806890624999966
2 0.55743357734375 0.5228783140625 0.09376322343749999 0.11971680624999997
4 0.7068856640625001 0.80364912109375 0.10908973437500002 0.10153147343750002
2 0.90415201953125 0.376526559375 0.19169596093750008 0.2483389125
2 0.89133741953125 0.29145301015625 0.21732516093749998 0.1567394453125
2 0.9009826953125 0.10794165078125 0.12326044375 0.15855401718749998
2 0.68733294375 0.20685004921875 0.09852781249999998 0.04364570781250002
2 0.64910280546875 0.25009378515625 0.10647386718750007 0.08250116093749998
4 0.7620003304687499 0.4004533046875 0.06185593906250009 0.08740387812500006
2 0.19461682890624998 0.8327708859375 0.07875733593749998 0.03228814687499992
