2 0.11083333359375 0.759259259375 0.2216666671875 0.23851851874999996
2 0.2375 0.5362962960937501 0.18499999999999997 0.15111111093749996
2 0.15791666640625002 0.42814814843750004 0.0558333328125 0.139259259375
2 0.07375 0.17703703671874998 0.02583333437500001 0.045925926562500025
2 0.48249999999999993 0.55777777734375 0.12333333437499999 0.0874074078125
4 0.21208333359374998 0.7274074078125 0.10416666718749998 0.1037037031250001
2 0.6591666664062499 0.900740740625 0.25166666718749997 0.19851851875000004
2 0.7362500000000001 0.87555555546875 0.16416666562499993 0.21037037031250005
2 0.92041666640625 0.87259259296875 0.1558333328124999 0.12740740781250004
2 0.80541666640625 0.6666666671875 0.044166667187500064 0.09777777812499999
2 0.75916666640625 0.6311111109375 0.08166666718750004 0.10370370312499999
4 0.6183333328125 0.75407407421875 0.09000000000000008 0.05629629531250002
2 0.14707071093750002 0.21797379765625 0.036083362499999994 0.07757953281250002
