4 0.4965784359375 0.9206335125 0.13756575625 0.15397239687499997
2 0.6332085703124999 0.8569081437499999 0.07633139687500001 0.12004832500000007
4 0.8159992929687501 0.66016338046875 0.03763211406250011 0.10257262968750003
4 0.9632213374999999 0.58226149140625 0.022203006250000046 0.0388075953125
4 0.7484337046875 0.303389946875 0.03269505937500006 0.02584150624999998
4 0.71777483203125 0.30172072890625 0.030234042187500032 0.03763347343750001
4 0.5731478375 0.40012209218750006 0.058108775 0.058617671875000055
2 0.44396786484375 0.77297892265625 0.08187190781249998 0.08440741406250007
4 0.27142215625 0.78327633515625 0.13854432187499996 0.16853512031249984
4 0.41542007578125 0.39184238984375 0.1115245171875 0.09228332968749997
4 0.168468603125 0.1618343140625 0.03376242812500002 0.023643303125000015
4 0.442072853125 0.2654113828125 0.024655384375000033 0.01966369999999995
2 0.7226375875 0.75877353359375 0.05727683124999994 0.10841542031250007
4 0.90117191875 0.380835803125 0.0846551781249999 0.08627584375000003
