2 0.32956818671875 0.8749788593750001 0.04024930156250006 0.1398548437499999
2 0.20964638828124998 0.7808950367187499 0.059645929687500016 0.09409435468750005
4 0.11353914374999999 0.733660365625 0.0251908 0.05957872812499998
2 0.09180971953125 0.50941895078125 0.0647482703125 0.034137064062500055
2 0.84946758203125 0.94759929140625 0.08587506406250012 0.10480141718750002
4 0.7711763875 0.40780030234375 0.129502940625 0.1417322640625
4 0.7791129109375 0.18713233828124998 0.03874776562499993 0.0320593015625
4 0.9707652265625 0.228873125 0.022618934374999844 0.019274909374999982
4 0.34898403125 0.2663395671875 0.037898565624999936 0.04227865312500001
4 0.37115566484374996 0.29427577578124997 0.034609557812500025 0.02714234843750002
4 0.19092848125 0.4139492171875 0.09525287500000001 0.09484246562499998
4 0.4328125 0.6078125 0.034375 0.05625
2 0.4765625 0.65390625 0.040625 0.0453125