4 0.9206335125 0.4965784359375 0.15397239687499997 0.13756575625
2 0.8569081437499999 0.6332085703124999 0.12004832500000007 0.07633139687500001
4 0.66016338046875 0.8159992929687501 0.10257262968750003 0.03763211406250011
4 0.58226149140625 0.9632213374999999 0.0388075953125 0.022203006250000046
4 0.303389946875 0.7484337046875 0.02584150624999998 0.03269505937500006
4 0.30172072890625 0.71777483203125 0.03763347343750001 0.030234042187500032
4 0.40012209218750006 0.5731478375 0.058617671875000055 0.058108775
2 0.77297892265625 0.44396786484375 0.08440741406250007 0.08187190781249998
4 0.78327633515625 0.27142215625 0.16853512031249984 0.13854432187499996
4 0.39184238984375 0.41542007578125 0.09228332968749997 0.1115245171875
4 0.1618343140625 0.168468603125 0.023643303125000015 0.03376242812500002
4 0.2654113828125 0.442072853125 0.01966369999999995 0.024655384375000033
2 0.75877353359375 0.7226375875 0.10841542031250007 0.05727683124999994
4 0.380835803125 0.90117191875 0.08627584375000003 0.0846551781249999
