2 0.12830296875000002 0.6767219250000001 0.1397943 0.042225656249999965
2 0.22436305781250002 0.79514986328125 0.09365035000000005 0.06091082968750006
4 0.2730353921875 0.89034745078125 0.05929901874999999 0.025961792187499944
2 0.49774384687499995 0.9082607734375 0.033359406249999946 0.06484386562499989
2 0.0496976640625 0.16056793828125 0.099395328125 0.08004513906250002
4 0.587449278125 0.22684274765624998 0.14359439374999994 0.1296080859375
4 0.80794881875 0.21546930546874998 0.03273065937500008 0.03818235156250002
4 0.7629608179687499 0.024584528124999998 0.01948428281250003 0.02242945
4 0.73624810859375 0.6468488765625 0.04242309843750003 0.03845706874999999
4 0.70805010625 0.62523432890625 0.026751334375000102 0.03507798593750011
4 0.5914149054687501 0.8074397140625 0.09418340468749997 0.09597865625000002
4 0.39375 0.56953125 0.05625 0.034375
2 0.346875 0.5265625 0.046875 0.0421875