2 0.34890083359375 0.8832897359375 0.034566229687500005 0.1414717562500002
2 0.22455983203125 0.7961496632812499 0.05574378593750001 0.09525390156249991
4 0.1263760125 0.7533125375 0.02378409687499998 0.06030865625000004
2 0.09276695625 0.5308814078124999 0.06434329375 0.03640671249999994
2 0.8801657765625001 0.93913239921875 0.10568563124999986 0.12173520156249995
4 0.76474071328125 0.39372329765625 0.12895100468749998 0.13588917031249997
4 0.76235616796875 0.17295347109374998 0.04037251718750001 0.029987464062499997
4 0.95583245625 0.20488030468750001 0.023400868750000026 0.018611825000000026
4 0.33676376640625 0.27452638281249997 0.03615448906249996 0.04176824062500001
4 0.36026418437499996 0.30130090468750004 0.033744171875000006 0.028916474999999997
4 0.18659978828125 0.43019227890625 0.09290237031250001 0.09664555468750002
4 0.43828125 0.6109375 0.03046875 0.0546875
2 0.484375 0.6546875 0.0390625 0.04453125