4 0.48251256015625 0.9203502953125 0.13360306718749998 0.1592994093750001
2 0.3476588546875 0.8500014695312499 0.07272151249999997 0.12183862656249989
4 0.17620106796875 0.64386761640625 0.04264957968750002 0.10138626406250006
4 0.03327679765625 0.5576101796874999 0.0236620171875 0.038550834374999954
4 0.261959746875 0.29144911640625004 0.033166037499999995 0.025747107812500003
4 0.29304924921875 0.29077155546875 0.030457170312500004 0.037265564062500034
4 0.4319297203125 0.39625781484375 0.05775414374999999 0.05706253281250001
2 0.54202045546875 0.775457965625 0.0802247171874999 0.08828765312500009
4 0.7146525046875001 0.79537842265625 0.13294584375000007 0.16507126406250006
4 0.5909786460937501 0.39641577421875 0.11154722343750001 0.09654229218749999
4 0.848749340625 0.17962445546875 0.03329192499999989 0.024395079687499988
4 0.57011074296875 0.268397521875 0.023858645312500038 0.019703315624999995
2 0.26435656015625 0.7470401874999999 0.061647626562499974 0.10680194062499992
4 0.10606503984375 0.35998747265625 0.08600819531250001 0.08367392968750004
