2 0.141015625 0.30480656484375 0.03046874999999999 0.039859320312499946
2 0.084765625 0.37397420937500003 0.03515625 0.028135990624999996
2 0.283203125 0.270808909375 0.032031249999999956 0.025791324999999976
4 0.2484375 0.30890973046875003 0.04531250000000003 0.022274326562500002
4 0.11796875 0.3540445484375 0.040624999999999994 0.03048065624999996
4 0.15546875 0.4613130125 0.05781250000000002 0.03634232187499997
2 0.123046875 0.8944900351562499 0.06015625000000001 0.06096131406249994
2 0.16484375 0.8206330601562499 0.0234375 0.042203985937499966
2 0.21445312500000002 0.89214536953125 0.033593750000000006 0.049237982812499914
2 0.25 0.9595545140625 0.07187500000000002 0.04337631875000003
2 0.203125 0.9835873390625001 0.06562499999999999 0.0234466593749999
2 0.314453125 0.9536928484374999 0.06640625 0.04806565000000007
2 0.09296875 0.9449003515625 0.0875 0.049237984375000154
2 0.22226562500000002 0.8464243843749999 0.033593750000000006 0.03282532187499998
4 0.13515625 0.8587338804687499 0.0421875 0.04337632031250005
4 0.17890625 0.8651817117187499 0.05000000000000002 0.03282532343750011
2 0.40023406093749997 0.9384525203124999 0.06484374999999998 0.03634232187500008
2 0.44414062499999996 0.97655334140625 0.06328125000000001 0.046893317187499894
2 0.461328125 0.9841735054687499 0.05390624999999999 0.031652989062500025
2 0.4859375 0.9771395078125 0.06562500000000004 0.04572098437500005
2 0.565625 0.9654161781249999 0.07656249999999998 0.059788981249999984
2 0.621484375 0.97362250859375 0.046093750000000044 0.05275498281250002
2 0.592578125 0.91500586171875 0.03515625 0.08323563906249998
2 0.57265625 0.872215709375 0.028124999999999956 0.07268464374999983
2 0.6078125 0.8423212195312502 0.06562500000000004 0.0504103171875
2 0.505962321875 0.8595212601562501 0.040049643749999975 0.06290355156250005
2 0.5367187499999999 0.8821805398437501 0.05312499999999998 0.05509964843750004
2 0.540625 0.83059788984375 0.03125 0.06916764218749993
2 0.396875 0.8259085578125 0.01874999999999999 0.062133646875000004
2 0.537109375 0.75029308359375 0.07421875 0.046893317187500116
2 0.472265625 0.75908558046875 0.03203125000000001 0.033997654687500045
2 0.531640625 0.7842907390625 0.030468750000000044 0.05861664687500001
2 0.584765625 0.7801875734375 0.04765625000000007 0.04806565000000007
2 0.599609375 0.7092614296875 0.05078125 0.05861664687500001
2 0.568359375 0.6934349359375 0.06328124999999996 0.03634232187499997
2 0.75390625 0.75087925 0.059374999999999956 0.062133646875000004
1 0.50703125 0.94372801875 0.04062500000000002 0.03048065624999996
2 0.687109375 0.9871043375 0.08984375 0.02579132499999992
2 0.7125 0.9554513476562501 0.057812500000000044 0.042203985937499855
2 0.751171875 0.9554513484375 0.02734375 0.03516998749999989
2 0.842578125 0.9472450171875 0.04921874999999998 0.02813599062500005
2 0.9261718750000001 0.83411488828125 0.03671875000000002 0.062133645312499874
1 0.8921875 0.78722157109375 0.018750000000000044 0.029308323437500006
4 0.880078125 0.6893317703125 0.05390624999999993 0.0351699875
2 0.562890625 0.6506447835937499 0.02734375 0.06565064531249998
2 0.565234375 0.60257913203125 0.022656249999999933 0.046893317187499894
2 0.5257812500000001 0.6113716296875 0.03749999999999998 0.059788981250000095
2 0.5359375 0.6418522859375 0.03593750000000007 0.05041031562499998
2 0.490625 0.64478311796875 0.0234375 0.046893317187500116
2 0.59296875 0.62426729140625 0.03593750000000007 0.05275498281250002
2 0.625390625 0.6078546312499999 0.030468750000000044 0.03868698749999988
2 0.65625 0.6101992968750001 0.020312499999999956 0.05041031562500009
2 0.673046875 0.5527549828125 0.04609374999999993 0.04806565000000007
0 0.758984375 0.53516998828125 0.06171874999999993 0.031652989062500025
2 0.86953125 0.6582649476562499 0.07499999999999996 0.0504103171875
2 0.71875 0.49706916796875 0.05624999999999991 0.044548651562499986
2 0.6890624999999999 0.46365767890625 0.04062500000000002 0.022274326562500002
2 0.841796875 0.623094959375 0.053906250000000044 0.04337631875000003
2 0.811328125 0.54806565078125 0.022656249999999933 0.019929660937500038
2 0.8421875 0.5468933179687501 0.042187500000000044 0.026963657812499986
2 0.798046875 0.48417350546875004 0.02734375 0.05158264843749999
2 0.826953125 0.45427901484375 0.021093750000000022 0.05275498281250002
2 0.841015625 0.50175849921875 0.04453125000000002 0.046893317187500005
2 0.767578125 0.48065650703125 0.024218749999999956 0.03985932031250006
2 0.84765625 0.478311840625 0.028124999999999956 0.03985931874999993
2 0.7703125 0.42614302421875 0.04218749999999993 0.031652989062500025
2 0.7671875 0.44490035234375 0.050000000000000044 0.02930832343750006
2 0.718359375 0.446072684375 0.030468750000000044 0.04103165312500001
2 0.966015625 0.57209847578125 0.05234375000000002 0.03516998906250002
2 0.68203125 0.24560375156250003 0.043749999999999956 0.017584993750000028
4 0.7109375 0.25732708125 0.043749999999999956 0.01992965937500002
2 0.7171875000000001 0.28898007031249995 0.03749999999999998 0.03165299062499999
2 0.654296875 0.33939038671875 0.055468749999999956 0.03399765468749999
2 0.532421875 0.5750293078125 0.05703124999999998 0.04572098437500005
2 0.462890625 0.62192262578125 0.030468750000000044 0.09026963593749993
2 0.4359375 0.63364595546875 0.024999999999999967 0.05744431406250006
2 0.49921875 0.5316529890624999 0.03437499999999993 0.04806564999999996
2 0.49492187499999996 0.601992965625 0.02265624999999999 0.04103165312500001
2 0.53828125 0.54161781953125 0.04062500000000002 0.030480657812499867
2 0.5570312500000001 0.5574443140625001 0.05312499999999998 0.02461899062500006
2 0.604296875 0.57385697578125 0.06484374999999998 0.029308323437500117
2 0.559375 0.5158264953125 0.0390625 0.02813599062500005
2 0.534765625 0.50703399765625 0.024218749999999956 0.05275498281250002
2 0.5660156249999999 0.49355216874999996 0.04921874999999998 0.039859318749999983
2 0.559765625 0.46365767890625 0.06015625000000002 0.02696365781249993
2 0.47306445859375 0.49413833515625 0.06175391718750006 0.026963657812499986
2 0.453125 0.55978898046875 0.0390625 0.05744431406250006
2 0.403125 0.634232121875 0.04062500000000002 0.044548653125000115
2 0.312109375 0.5791324734375 0.07578124999999997 0.0351699875
2 0.282421875 0.608440796875 0.025781249999999978 0.04923798437499993
2 0.2546875 0.647127784375 0.045312500000000006 0.05861664687500001
2 0.234375 0.65592028203125 0.03749999999999998 0.026963657812499986
2 0.2 0.66764361015625 0.078125 0.026963657812499986
2 0.20859375000000002 0.5873388046874999 0.029687500000000006 0.05627198124999999
4 0.160546875 0.6518171156250001 0.03203125000000001 0.02813599062499994
2 0.209765625 0.45838218046875 0.021093749999999994 0.049237982812499914
2 0.23085937499999998 0.48065650625000006 0.05078124999999997 0.04923798437500004
2 0.243359375 0.51230949609375 0.060156249999999994 0.0328253234375
2 0.273828125 0.4818288390625 0.025781250000000033 0.05158264999999995
2 0.316015625 0.49765533359375 0.06171874999999999 0.026963657812500097
2 0.30625 0.521688159375 0.03125 0.04923798437500004
2 0.347265625 0.54806565078125 0.05390624999999999 0.04572098593750007
2 0.353515625 0.5937866359374999 0.04140624999999998 0.04337631874999992
2 0.4203125 0.53048065625 0.0390625 0.04103165312500001
2 0.4265625 0.54747948359375 0.0390625 0.0445486515625001
2 0.3890625 0.5222743257812501 0.0625 0.033997654687499934
2 0.424609375 0.45955451328125 0.02734375 0.042203985937499966
2 0.40625 0.39800703437499996 0.018750000000000044 0.043376318749999976
2 0.38046875 0.43141852265625 0.04999999999999999 0.032825323437500054
2 0.250390625 0.4255568578125 0.04765625000000001 0.02579132500000003
2 0.247265625 0.35052755 0.017968749999999978 0.032825321875000035
1 0.261328125 0.34407971875 0.014843749999999989 0.024618990625000003
2 0.398828125 0.34583821796875003 0.04609374999999999 0.030480657812500034
2 0.447265625 0.3634232125 0.05078125 0.03282532187499998
2 0.56024060625 0.34056271953125006 0.05641871250000008 0.02461899218750002
