2 0.26782096171875003 0.16328376562500002 0.03768105781250003 0.032710965625000005
2 0.33150576953125 0.0999685203125 0.030023429687499936 0.033983321875
2 0.24951417656250002 0.3078367265625 0.02350417187499998 0.03303948437500004
4 0.28390608984375 0.26936106015624994 0.024602192187500038 0.04481918906249999
4 0.31484062109375 0.1354405984375 0.032087632812500044 0.03942211562499999
4 0.42534829609374997 0.16138046562500002 0.040226376562500055 0.055941856250000005
2 0.8534053085937501 0.08246719140625 0.06362625781250009 0.05651807031250001
2 0.78408821953125 0.1327968640625 0.04148281093749995 0.026985371874999983
2 0.85998605390625 0.17496575625 0.05035652031250015 0.0315715875
2 0.9298432937499999 0.20265901718749998 0.047058515624999964 0.071236178125
2 0.9488491226562501 0.15365123125000002 0.01857291093750002 0.06661346250000001
2 0.9312409015625001 0.26761685625 0.05049721562499998 0.06457196250000002
2 0.89877351015625 0.04953200078125 0.04553841406249992 0.08926553281249999
2 0.8165684203125 0.18794350078125 0.03172457812500018 0.0361056484375
4 0.8194487710937499 0.0999020859375 0.0424853984375001 0.043059271874999985
4 0.8301485804687501 0.14237081015625003 0.030277279687500047 0.05070643281250001
2 0.9270921828125 0.35482727890625 0.03393833749999986 0.0655914078125
2 0.96789968125 0.39469451093749996 0.04467652187500004 0.06501780625000003
2 0.97796881796875 0.41074624765625 0.028784717187499864 0.0565519578125
2 0.9755873046875001 0.43558843671875 0.04514386874999998 0.06894176406250002
2 0.96844617265625 0.51602310390625 0.06310765468750001 0.07385388906250012
2 0.97947263359375 0.57074270078125 0.04105473281250005 0.04734714531250006
2 0.9220714984375 0.5485893640625 0.08185874375000002 0.04068142500000005
2 0.8779346445312499 0.53312556484375 0.07179649218750017 0.03168630156249996
2 0.8527066921875 0.571378309375 0.05370469999999994 0.06354990937499994
2 0.8581409210937501 0.46919396562500004 0.06252392656250005 0.03804602499999993
2 0.8847825296874999 0.49712029609374997 0.05095965312500006 0.057490576562500006
2 0.83250250078125 0.5055587609375001 0.06707381406250001 0.034058928125
2 0.8137111820312499 0.3628204640625 0.06203826093749998 0.018806324999999957
2 0.75276010625 0.51008890625 0.05316945937499984 0.07250331562500001
2 0.75493057734375 0.44502938359375 0.035036354687500104 0.030875442187499935
2 0.7853874078125 0.5010768390625 0.05935715624999993 0.029444043749999926
2 0.78717513046875 0.554523525 0.04426820781249985 0.051439075
2 0.7182412687499999 0.57682230234375 0.05404906875000004 0.05491458281250006
2 0.69980659921875 0.54854240859375 0.03140678906250005 0.0646892859374999
2 0.77562570703125 0.7261074898437501 0.0655271328125 0.05414805156250002
1 0.9428896554687499 0.46048798203124996 0.02876208593749996 0.03868686093750001
2 0.9934409328125 0.63026279453125 0.01311813437500009 0.07968840781249997
2 0.976148590625 0.6635444601562499 0.04180946249999995 0.06055935156249992
2 0.97949676875 0.7018610851562499 0.034813996875000086 0.028255120312499993
2 0.9806449585937499 0.7938082109375 0.030431745312500036 0.04939757499999997
2 0.87687249453125 0.8879936789062499 0.06424315781250012 0.034066757812500015
1 0.8268062242187499 0.85983241328125 0.02931109531249998 0.020853045312499985
4 0.72818689921875 0.8584101304687499 0.03685556718749994 0.05246634843749998
2 0.65680171015625 0.546431809375 0.06537266718750012 0.03209564374999996
2 0.6088655585937499 0.55415588046875 0.046287148437499925 0.022774610937499995
2 0.61353806171875 0.51369215703125 0.05766486718749997 0.042196257812500026
2 0.64491335859375 0.5206066734375 0.05209407031249991 0.034760293750000004
2 0.64247921796875 0.47474587578125005 0.047044745312499914 0.026127576562500032
2 0.6335902421875 0.5789185492187501 0.052220996875000036 0.0399070640625
2 0.6202481875 0.613184759375 0.038638381249999965 0.03287522499999995
2 0.62649982578125 0.64418143828125 0.05095079218749998 0.019465973437500006
2 0.5703093203125 0.66744230390625 0.0518038218750001 0.04375802656250005
0 0.56308066328125 0.75405232109375 0.03390684531249999 0.06256435156249995
2 0.6972607468750001 0.85098328125 0.05452132812499999 0.07377045312500008
2 0.520726621875 0.71669386953125 0.04863274062499995 0.053613554687500065
2 0.48406832421875 0.69078399453125 0.025500482812500058 0.04015736718750007
2 0.65742448359375 0.8271188203125001 0.043687707812499976 0.05017976562500004
2 0.581161621875 0.8041695109375 0.02055544999999992 0.021306715624999972
2 0.58270190078125 0.8359627148437501 0.02466122343749999 0.04220147656250006
2 0.51561874375 0.7969043109375 0.05015679375000004 0.02805175312500008
2 0.48850122968750004 0.8301458578125 0.05213933437499996 0.024367659375000073
2 0.5380071765625001 0.8381671679687499 0.049576293750000056 0.0419590015625001
2 0.5088953281249999 0.76801170703125 0.03874267500000006 0.02653692031249999
2 0.51481145625 0.8471609875 0.0418458625 0.027970928125000016
2 0.45517045390625 0.7759391453125 0.03466444218749998 0.041588765625000024
2 0.47358003828125 0.7714637468750001 0.03347590156250002 0.04841723749999993
2 0.4684579078125 0.72249376328125 0.04235847187499997 0.03005675468750002
2 0.6198324546875 0.95623275546875 0.03928282499999991 0.05070904218750005
2 0.2659839765625 0.7072580859375 0.016708434375000025 0.04412304374999998
4 0.28066461015625 0.73508691796875 0.023985289062500026 0.04252999531250001
2 0.31263417734375 0.7378714992187501 0.02796808906249998 0.04023558281249995
2 0.35656196328125 0.670239896875 0.0356896578125 0.05357183750000005
2 0.57800729765625 0.5250142773437501 0.04979865156249996 0.05439052656250004
2 0.617294071875 0.45108478203125 0.08969346562499991 0.03393377656250002
2 0.6260133171875 0.42223650546875 0.057374615625000014 0.026208401562499983
2 0.5307854562500001 0.495546765625 0.04641407187500002 0.03798549687499997
2 0.60127091171875 0.48361454296875006 0.04244013593750007 0.0252280640625
2 0.54555463828125 0.5340276500000001 0.028353773437500007 0.04248566875000004
2 0.564338590625 0.55059171875 0.0262354468749999 0.052466349999999995
2 0.5848035171875 0.59580069765625 0.03437419374999995 0.06493697968750001
2 0.5225586453125 0.5569665203125 0.02724689375 0.04068664374999997
2 0.5103028109375 0.53408500625 0.05222099687499998 0.027149631250000028
2 0.5003246765625 0.5662666953125 0.04413242187500005 0.045885571874999975
2 0.47219769375 0.5625017765625 0.027119968749999945 0.06043941874999992
2 0.4917909078125 0.47418411328125 0.026140015625000013 0.06241859218750001
2 0.5547658359375001 0.4471321359375 0.05492473124999997 0.04264731875000005
2 0.62308476875 0.38993096953124995 0.046836159374999964 0.037829067187499954
2 0.5603474640625 0.30486706406249997 0.03705529687499998 0.07757187187499998
2 0.5849403140625 0.27203355625000003 0.049703218749999944 0.024414596875000028
2 0.62104714765625 0.24055062265625 0.061807042187499994 0.04232662968749998
2 0.62766824453125 0.2195320140625 0.029020845312500043 0.03692694375000005
2 0.6347950625000001 0.18375227578125 0.029383896875000093 0.0780646484375
2 0.55668592578125 0.2005496859375 0.057351985937500016 0.027032309375000008
4 0.6155845953125001 0.14647595390625 0.027410218749999937 0.032958657812499986
2 0.42847657109375 0.215460721875 0.048968251562499954 0.020242943749999964
2 0.45250712109375 0.2341718875 0.04635504218750003 0.05356661875000002
2 0.48588758984375 0.24347858671874997 0.03325354531250002 0.06031687656250001
2 0.458286984375 0.27690525 0.05121841250000003 0.028458487500000018
2 0.47809860703125 0.31757495078125003 0.029324867187500048 0.06285115468750002
2 0.5008678140625 0.30437037109375 0.04660003125000006 0.03487761718749999
2 0.53175558984375 0.34252665156250006 0.04849204843749988 0.05165027187499999
2 0.57747109921875 0.3444534375 0.041097126562499864 0.043385181250000016
2 0.52194323671875 0.41774675390625 0.03909195781249997 0.041789523437499976
2 0.53925725703125 0.42206311249999995 0.041773060937499995 0.04240223437499996
2 0.511075671875 0.38770955234375 0.031747209374999974 0.062280160937499995
2 0.45201810546875 0.42937261953125 0.04360604531250001 0.025233282812500035
2 0.388643725 0.41742474062499996 0.043873665625 0.018524743750000017
2 0.41909564453125003 0.38804718671875 0.02946065156249994 0.051931854687499945
2 0.40011836953125 0.2597232515625 0.022465185937499965 0.04849806250000005
2 0.3248059453125 0.26384535859375 0.03313547812500006 0.017992857812499985
1 0.31990419921875 0.27893370234375003 0.025545742187499998 0.01365955468750002
2 0.33622988593750003 0.41527242421875 0.03423350000000003 0.04481918906250004
2 0.35898580312499995 0.4617694 0.036483656249999996 0.04964526874999997
2 0.34658089453125 0.57676744453125 0.026607360937500046 0.056124235937500044
