2 0.7606591453125 0.1843445234375 0.03637819687499988 0.03495804062500002
2 0.7024935875 0.115994121875 0.03134579062500009 0.032720796875
2 0.7656553046875 0.3303108765625 0.022377837499999886 0.03425491562499999
4 0.73513258203125 0.28873823359374995 0.026337170312500047 0.044032598437500015
4 0.716785996875 0.1531249796875 0.03413635000000004 0.038216940625
4 0.604014 0.16849348515625 0.04312808750000008 0.055216529687500016
2 0.18332139765625 0.05267123203125 0.0662930359375 0.0540980703125
2 0.24878237187500002 0.1091507671875 0.040575924999999985 0.029717637500000005
2 0.16984249687499997 0.14476271562499998 0.050867525 0.029621162499999992
2 0.09852894921875 0.16567576484375002 0.049734710937499996 0.07010707031250005
2 0.08388184765625001 0.11530000234375 0.022157420312499995 0.06687989218749998
2 0.09109026640625 0.2307981734375 0.0521018421875 0.06307713437500001
2 0.14310465859375 0.031040663281250002 0.0419149421875 0.062081326562500004
2 0.21146481015625002 0.16193857421875002 0.03151864218749997 0.03789775468749998
4 0.2159818453125 0.0736814078125 0.04138681875 0.043777184375
4 0.2011674078125 0.11502986953125 0.029217056249999984 0.0511266328125
2 0.085657934375 0.31818266562499997 0.034583559375 0.06566561249999997
2 0.04323343046875 0.35434809999999994 0.0424540859375 0.06592135312499997
2 0.031206650000000002 0.36931843906250006 0.026152140625 0.05828444062499999
2 0.02968898515625 0.39414674531250005 0.044284682812500004 0.07113003437500004
2 0.0328114375 0.47518233203125004 0.065622875 0.0722798890625001
2 0.0180596421875 0.528355009375 0.036119284375 0.048440140624999906
2 0.0750824140625 0.511179034375 0.08100278124999999 0.04559909374999993
2 0.12046133671875 0.5005389609375 0.0704548046875 0.035693212500000016
2 0.14207584609375 0.5404018671874999 0.05697937656249999 0.0612876
2 0.14600869609375 0.43838189453125 0.061683885937500016 0.03688202031250004
2 0.1161533984375 0.46412725078125 0.047313637500000005 0.060649226562499936
2 0.16869346093749998 0.47639808046875 0.064766378125 0.03847333593750002
2 0.19908566484375 0.3365515265625 0.06143928593750003 0.021952853125000005
2 0.2472992375 0.48812619453125 0.05795731562500003 0.07176873281249996
2 0.25074291484375 0.4227800953125 0.0367360765625 0.02965321249999997
2 0.21608772265624998 0.47566372343749996 0.05947759843749997 0.028503031250000033
2 0.20891440546875 0.5288511656249999 0.0417087390625 0.054162496874999966
2 0.275705115625 0.5571792320312501 0.05125499062499994 0.05790115468750001
2 0.29852145703125 0.53096119140625 0.030964129687500064 0.06662447656250003
2 0.2055597703125 0.70010906953125 0.06878545312500003 0.05138204843750005
1 0.061517658593749996 0.42205915000000005 0.027088320312499997 0.03684306875000004
2 0.01557302578125 0.6213560250000001 0.0311460515625 0.06234261250000006
2 0.010790908593749999 0.659438940625 0.021581817187499998 0.029314612500000115
2 0.00578808984375 0.75126921640625 0.0115761796875 0.04852473593750006
2 0.09063178046875 0.85300806796875 0.0654641609375 0.03176225781249986
1 0.14292445625 0.8298419140625001 0.029067987500000003 0.022431959374999977
4 0.2413263234375 0.837016725 0.03795241562499996 0.051477868750000044
2 0.33937754062500003 0.5323196921875 0.06459352812500002 0.03578903437500003
2 0.38631560546875 0.54363198359375 0.04637165781249997 0.024924617187500053
2 0.38570163281250003 0.5034976382812499 0.05560179062499998 0.04575868593749999
2 0.35374767265625 0.5076513054687499 0.05306180468749999 0.03348769218749997
2 0.3606347421875 0.461717328125 0.046777103125 0.028151796874999913
2 0.35975483203125 0.5665427218750001 0.05133851718749999 0.04288274375000001
2 0.3704249078125 0.6020598296874999 0.03827433749999998 0.03460647812500006
2 0.3609679828125 0.632911459375 0.05097483125000002 0.0185971531250001
2 0.4156425828125 0.6613672328125 0.05448695624999994 0.04144411875000009
0 0.41466435625 0.74813851640625 0.03647970000000006 0.06339697343750006
2 0.2723649859375 0.8332306445312501 0.058470071875 0.07343039531250006
2 0.45991218828124997 0.7131651046875 0.052012517187499996 0.05096638750000004
2 0.49877990234375 0.6906219515625001 0.027976935937499947 0.03943122187500003
2 0.31565403359375 0.8121413242187501 0.04476785156249996 0.04665247343750012
2 0.39192254843749996 0.7953023085937501 0.020905121874999988 0.02070619843749999
2 0.38862213749999996 0.8279594976562501 0.02742241875000001 0.04185977968749999
2 0.45829301874999995 0.7935297796875 0.048547956250000024 0.02853540625000006
2 0.4828680390625 0.8297179609375 0.05118944687499999 0.027544818750000033
2 0.43208693984375 0.8329606734375 0.05139825781250007 0.039462943750000035
2 0.46763364609375 0.7661291820312499 0.03748722656250003 0.028247617187500018
2 0.45487921249999996 0.8438412796875 0.04315186874999993 0.02760826562499985
2 0.5202511453125 0.77832021484375 0.036885146875 0.040741320312499885
2 0.5022856507812501 0.772104921875 0.03667053281249999 0.04799495000000009
2 0.51261321171875 0.7240780859375 0.043110107812499965 0.029461568749999945
2 0.3408816 0.944255796875 0.04336068124999998 0.04892144062499992
2 0.7150636078125 0.726556840625 0.017792640624999967 0.044064646875
4 0.6980400960937501 0.7532543140624999 0.027166042187500072 0.04115665624999998
2 0.66607424453125 0.7531261171875001 0.02466144531250003 0.04217961874999998
2 0.62816387734375 0.6821077656250001 0.03916295156250005 0.051541640624999996
2 0.42016280625 0.5184205546875 0.05278164687499998 0.0521489437499999
2 0.3875473078125 0.4416506453125 0.08846205937500007 0.03914440937499997
2 0.38140587187499997 0.4117894390625 0.056836109375 0.028950740625000027
2 0.47019565625 0.49252235390625 0.044648365624999964 0.04067787656249999
2 0.40017907109375 0.47432369453125 0.0432591765625 0.027161207812500032
2 0.45154427109375 0.5301960906250001 0.026342973437500028 0.04368136249999999
2 0.4314291609375 0.5446230609375 0.029318559374999942 0.05182943125000006
2 0.40677932031249997 0.58824016171875 0.03831029687499998 0.0651224078125
2 0.47201697656249997 0.55448135546875 0.026277428124999946 0.041700185937500134
2 0.48705792109375 0.5332321156250001 0.05133851718750004 0.02936607499999999
2 0.49403113046875 0.5659211906249999 0.04732581406249997 0.04272217187500005
2 0.52129839140625 0.564259853125 0.0287222828125 0.060169468749999955
2 0.510011440625 0.47514228125 0.027016971875000018 0.06336987187499998
2 0.44990189062499997 0.44256192656250004 0.05240578437500004 0.04531130312499998
2 0.38724046484375 0.3792761453125 0.04835132343750004 0.03633158750000004
2 0.45679823671875003 0.3004622671875 0.040271982812499996 0.07841538437499995
2 0.43527015234375 0.2652166 0.04986580156249998 0.023454271874999988
2 0.4017123859375 0.2306099578125 0.06394968437499998 0.04013401874999997
2 0.39742532890625 0.2095042875 0.03142931718749997 0.036139943750000014
2 0.39372266015625 0.17285286093750002 0.03311084218749999 0.07736070000000003
2 0.46934704531249993 0.196675534375 0.05777228750000002 0.025243478124999996
4 0.4155938328125 0.13770366796875 0.026575565625000075 0.033455970312500014
2 0.59617885859375 0.22281541015625 0.04897138281250002 0.02192080468749999
2 0.57056615625 0.239159621875 0.04356311874999996 0.055440546875000024
2 0.5369605390625001 0.24601345 0.035370668750000056 0.060521031250000024
2 0.56099293359375 0.2813389140625 0.05048586093749996 0.030452484375000033
2 0.53753565 0.3204025484375 0.032025593750000025 0.063269103125
2 0.51649943828125 0.30450506796875 0.044010326562500035 0.03773816093750004
2 0.48210961250000006 0.34006959609375 0.05039653437499997 0.049688335937499994
2 0.4367814421875 0.3380879296875 0.03885263437499997 0.044959740624999966
2 0.4853589859375 0.41629613750000005 0.03714732499999995 0.04371341249999999
2 0.46792712734375 0.41896408671874996 0.039109010937499966 0.044831870312499966
2 0.49816098593749997 0.38780929453125 0.03117294062499998 0.06215064531250003
2 0.55386399453125 0.43393556796875 0.04440997031250005 0.023262301562499976
2 0.6182310156249999 0.42727387031249997 0.04392099999999999 0.019268553125000032
2 0.59050175390625 0.3953034546875 0.026408517187500036 0.05310780937500004
2 0.6199458859375 0.26951661015625 0.021137715624999887 0.0487938953125
2 0.69517381640625 0.27955101328125 0.033116645312500026 0.018373785937499998
1 0.698745396875 0.2954641921875 0.026104574999999963 0.012557803124999989
2 0.67041029609375 0.42936738203125 0.03707597968749998 0.04403259843749996
2 0.64353340234375 0.474118803125 0.039228495312499945 0.048410284375
2 0.64711658828125 0.58990473828125 0.028042479687500066 0.055408776562499984
