5 0.7535542867187499 0.61935433984375 0.2876055046875 0.25554268593750007
5 0.5788280453125 0.3134714328125 0.21923048437499992 0.21073545625000006
5 0.5134065203125 0.17820719609375002 0.1950442750000001 0.1884257171875
5 0.43240445859375 0.4181179515625 0.11596741406250005 0.102576265625
5 0.53251657421875 0.4928363359375 0.1603812703125 0.16672683437499997
5 0.5975464523437499 0.6576788359375 0.1617184546875 0.19560219999999995
5 0.5030053953125 0.7502853265625 0.13491413750000003 0.11034529062499998
5 0.48606608515625 0.6686148296875001 0.07539742031249996 0.1087590625
5 0.43087036015625 0.5369424953124999 0.048815967187499976 0.07649053437499992
5 0.38506360390625 0.49809186562499996 0.06898953281249998 0.06134629062499991
5 0.38213496874999997 0.7202857890625001 0.09534812187500002 0.06433099687499999
