5 0.63498402578125 0.7421652421875 0.24760383281249998 0.28774928749999995
5 0.320287540625 0.5925925921875 0.20607028749999995 0.22792022812499996
5 0.17971246015625 0.5356125359374999 0.18370607031250002 0.1994302
5 0.41373801875 0.4373219375 0.10223642187500004 0.11680911562499996
5 0.49600638984375 0.5327635328125 0.1677316296875 0.159544159375
5 0.66693290703125 0.58119658125 0.19648562343749998 0.1595441593750001
5 0.75 0.4829059828125 0.10702875312499993 0.133903134375
5 0.66773162890625 0.47435897421875006 0.10862619843749999 0.07122507031249997
5 0.53354632578125 0.42735042734374995 0.07667731718750004 0.04558404531249999
5 0.4912140578125 0.384615384375 0.05910543125000001 0.06837606874999991
5 0.7124600640625001 0.366096865625 0.06389776250000001 0.09401709375000006
