5 0.7508207671875 0.623519134375 0.2877729562499999 0.25327361562500006
5 0.58230783984375 0.31509148750000004 0.2215047953125 0.20966461250000004
5 0.5189683828125 0.17843669218750002 0.19623075624999992 0.18733104375
5 0.43360386484375 0.41676379140625003 0.11623101406250003 0.10209631093750005
5 0.53259322578125 0.493626178125 0.16024515156249997 0.16705444375000006
5 0.59350046328125 0.65999439375 0.16124839531250001 0.19576903125
5 0.49797808671875 0.7503283578125 0.13472287031250008 0.10956596875000002
5 0.4831307078125 0.6684709421875 0.07438800624999997 0.10877554062499994
5 0.42995810390625 0.53610969453125 0.048029685937499955 0.07657223281249997
5 0.38489892031249995 0.49637023125 0.06886758749999994 0.060813693750000064
5 0.37806850625 0.7180289046875 0.0950587 0.06345268437500007
