3 0.562491134375 0.89705844375 0.25550436249999997 0.20588311250000002
3 0.5325929328125001 0.6412050992187499 0.22259595312500002 0.43166064843749996
3 0.6970970140625 0.7419214671875 0.20253115312500003 0.312664240625
1 0.589160440625 0.7671176171875 0.03146300937500002 0.04875369062500001
3 0.8302319 0.597748496875 0.09047865312500014 0.075310134375
2 0.9235236796874999 0.72910099609375 0.0478621656249999 0.04197281718750001
2 0.91638201015625 0.7679847109375 0.06034817968749984 0.07801544687499984
2 0.8617020718749999 0.73914257734375 0.08205233437500004 0.10635550156249995
2 0.8457634359374999 0.6660355695312501 0.07320898750000004 0.10785591093750002
3 0.7214720546875 0.46820939609375 0.040511981249999884 0.05724759218750003
3 0.91912023359375 0.6435604078125 0.1291452984375001 0.15847631562499997
1 0.45785558984374997 0.6737865984375 0.03976540156249997 0.0660130375000001
2 0.45827249531250003 0.61379829453125 0.058607159375000106 0.09148264843749998
3 0.29716414453125 0.69753417734375 0.22724436718750005 0.3462143890624999
3 0.13476837187500001 0.6818267671875 0.12762398125 0.2027762687500001
3 0.03982520625 0.6872081421875 0.0796504125 0.13573575937500004
3 0.08020748125 0.5703416484374999 0.1604149625 0.23017857499999994
3 0.2120818046875 0.5010405265625 0.11884548750000001 0.07203798437499997
2 0.20559659765625 0.60371062421875 0.06064681093750002 0.06284708906249992
