3 0.12795974453125 0.32696066328125006 0.2503621484375 0.24942477968750004
3 0.36499257890625 0.40974323046875 0.4399203546875 0.16562652968750002
3 0.31396076484375 0.24714641328125 0.2940710796875 0.1867662328125
1 0.26651364765625 0.3415409765625 0.04699522968750003 0.036448443750000004
3 0.49140942890625006 0.15509286796875 0.06679917031249999 0.09260583593750002
2 0.38890229374999996 0.03143095 0.03642015625 0.0459540125
2 0.34960876093750004 0.0291268 0.07303402187500002 0.0582536
2 0.36146312578124995 0.08925724453125 0.08853044843749996 0.1007972921875
2 0.43252457109375 0.1227187515625 0.09456903906250003 0.08860517812500002
3 0.5895109210937499 0.29017737890625 0.05613106718750005 0.04412813593749998
3 0.4704368578125 0.06004713984375 0.15236831562499997 0.1200942796875
1 0.32202555078125 0.4968713546875 0.060013351562499984 0.039324959375000024
2 0.38133818828125 0.5113410796875 0.08347570468749999 0.06413176250000008
3 0.25469249609375 0.6529878843750001 0.3529272765625 0.1980705625
3 0.23276355625 0.8015114289062499 0.186830975 0.13813352031249992
3 0.19904047343749998 0.89544885703125 0.14382635937499996 0.10311549218749994
3 0.30413807265625 0.9077090109375 0.2816544890625 0.16789066874999992
3 0.42843110078125 0.77809462265625 0.08126673281250002 0.1206922921875
2 0.32501423906250004 0.7604072328125 0.06057197187500002 0.056389996874999904
