3 0.349375 0.8788888890625 0.25000000000000006 0.24222222187499998
3 0.420625 0.6366666671875 0.1775 0.43999999999999995
3 0.25683116171875 0.69944444453125 0.1885686265625 0.2966666671875
1 0.3546875 0.7411111109374999 0.03562500000000002 0.04666666562499999
3 0.15625 0.52666666640625 0.09249999999999997 0.06888888906250001
2 0.038125000000000006 0.6361111109375 0.046250000000000006 0.03666666562499998
2 0.0371875 0.675 0.056875 0.07444444375000003
2 0.096875 0.65944444453125 0.0975 0.09222222343749997
2 0.1275 0.587777778125 0.08499999999999999 0.09777777812499999
3 0.28625 0.42166666640625 0.04249999999999998 0.05666666718750002
3 0.0615625 0.552777778125 0.123125 0.15444444375000005
1 0.506875 0.67833333359375 0.03750000000000003 0.06111111093749999
2 0.5171874999999999 0.61833333359375 0.06187500000000001 0.08555555468749998
3 0.6638249703125001 0.7372222218750001 0.1987500000000001 0.347777778125
3 0.8165625000000001 0.7516666671875001 0.13312500000000005 0.19000000000000006
3 0.9125 0.78 0.10249999999999981 0.1422222218749999
3 0.9143749999999999 0.6733333335937501 0.17125 0.27555555468750004
3 0.7815624999999999 0.55722222265625 0.12062499999999987 0.07888888906250013
2 0.7690625 0.662222221875 0.05687500000000001 0.06000000000000005
