4 0.23724767656249998 0.04487838828125 0.10819832499999998 0.0897567765625
4 0.97680243671875 0.20087543359374999 0.04639512656250011 0.05100939843749999
4 0.908237990625 0.10579817421875 0.05548010000000003 0.043110801562499995
4 0.893802278125 0.26225528828125 0.08542350312499991 0.05131911718750001
4 0.6793420125 0.0668629390625 0.09111976874999994 0.055661834375
4 0.5775505101562499 0.24756104687500002 0.06797328281250004 0.06717825312500006
4 0.5172006585937501 0.24035944453125002 0.08138026406249999 0.07103770781249999
4 0.38244714921875 0.27635541640625 0.07604951718749997 0.07777165781250003
4 0.30675495703125 0.333696128125 0.08487112656249995 0.07342279687499997
4 0.3805138375 0.33673163046875 0.08321810000000002 0.05841858593749999
4 0.19367766406249998 0.37670172578125 0.087630953125 0.06821901093750005
4 0.17602522734374998 0.5487144007812499 0.10159235781249998 0.07066604531249998
4 0.2219362921875 0.721925765625 0.14053398437499998 0.08102396249999999
4 0.443489121875 0.7133424648437501 0.08872955625000001 0.06209835468749991
4 0.55305199609375 0.92966770390625 0.0775238828125 0.06644107343750005
4 0.59797836796875 0.8303777609375 0.08872955781249992 0.06736408437500008
4 0.5902799414062501 0.64550740703125 0.08909917343750007 0.05841858906249997
4 0.6331816203125 0.58066151640625 0.09185285624999995 0.0449445421875001
