3 0.054146610937500006 0.1404483578125 0.0664197875 0.08741618125000002
2 0.0572409125 0.9087226953124999 0.082509025 0.04495629687499991
2 0.10192603203125 0.7747086593749999 0.051966520312499986 0.08184227499999996
2 0.16229024140625 0.68617263046875 0.0578935390625 0.07523339531249995
2 0.23825320078125 0.59837683671875 0.032064495312500024 0.06176927968750001
2 0.1724089046875 0.5890871828124999 0.05140778437499999 0.055340515625000086
2 0.2159318703125 0.62249076796875 0.03269697812499997 0.0622821953124999
2 0.2920769296875 0.3811926078125 0.03662374374999999 0.04418115000000006
2 0.14627815234375 0.78795376484375 0.058680239062500014 0.029932745312499898
2 0.16465260078125 0.7275921140624999 0.03264557343749999 0.055591196874999915
