2 0.07921886875 0.5814940046874999 0.1584377375 0.11030402499999992
2 0.21983710781249996 0.6636310765625 0.36348669687499996 0.23696845625000007
2 0.6390657890625 0.7816367390624999 0.09770596874999993 0.1700738062499999
2 0.05451515546875 0.77388328671875 0.1090303109375 0.061664823437500016
2 0.4017108484375 0.7742018562499999 0.14292733125 0.172162625
2 0.32665620546875 0.828698875 0.14432503906250005 0.24897878124999995
2 0.3570790203125 0.98165258671875 0.21121005625 0.03408417343749992
2 0.5093129039062501 0.8828210898437501 0.11196197343750003 0.1820506234375
2 0.4711059890625 0.68363011328125 0.2142606062500001 0.05562293906250004
2 0.6726807414062499 0.85303232265625 0.07484085156249998 0.15175252656249993
2 0.8587994367187499 0.66583216875 0.17896336406250002 0.08695219062500004
2 0.74791902421875 0.5929678609375 0.12023042656250005 0.126799740625
2 0.44421949374999997 0.61471490625 0.19646898749999997 0.12421484687499995
2 0.583152771875 0.5422624140625 0.15284721875000007 0.1436327937500001
2 0.67279146953125 0.49670100156249997 0.12370855781250001 0.11967215937500003
2 0.62511887265625 0.32268159531249996 0.2595352171875 0.16779545937499993
2 0.45609153125 0.37080139453125 0.14301002499999999 0.1801513359375
2 0.62671282265625 0.08893687578125 0.08276865468750005 0.17030234218749998
2 0.76465006015625 0.10497081093749999 0.21403350468750004 0.12796191875000001
2 0.9334662796875 0.13279903515625002 0.1330674406250001 0.22851017656250003
2 0.7475026359375 0.29646286796875 0.1968390874999999 0.18446548906250002
2 0.7758288914062499 0.35598264999999996 0.13192094531249998 0.06899046874999998
2 0.86163407890625 0.4527650875 0.14341098281249987 0.07764528437500007
2 0.90126391171875 0.40593073046875 0.1350289765625 0.08592803906250002
2 0.985643203125 0.3960757625 0.028713593750000044 0.14899265937499995
2 0.99020430625 0.23241783124999998 0.0195913875 0.10301477499999998
2 0.95393991640625 0.585684259375 0.08630285468749999 0.05393268437499987
