2 0.7319501749999999 0.1383869984375 0.05168368437500004 0.057545
2 0.68056398046875 0.2603103046875 0.029532410937500142 0.046187590625
2 0.7470857867187499 0.27019256640625 0.07425860156250008 0.056693785937500046
2 0.87238082109375 0.247812775 0.08347422031250007 0.11382496562500005
2 0.90035659765625 0.2763462078125 0.06728539218749996 0.116471884375
2 0.7844170875 0.20487566796875 0.04046225000000003 0.0774263640625
2 0.8067121953125 0.22628740000000003 0.0631849281250001 0.06753231875000001
2 0.8224813078125 0.2891117640625 0.06089930624999995 0.09181555937499997
2 0.7846603375000001 0.40265691796875 0.07694822812500002 0.15333683593749997
2 0.7258694328125 0.3695816984375 0.05765005624999997 0.13469155624999996
2 0.7378336062499999 0.5368092234374999 0.04884236875000003 0.150450846875
2 0.779992396875 0.552635521875 0.05309845000000002 0.07733309375000008
2 0.718957115625 0.66663254765625 0.04968572812500005 0.09385033281249999
2 0.7132489468750001 0.46468848359375003 0.038332243750000106 0.0706573734375
2 0.97858655859375 0.4617974640625 0.04282688281250002 0.10574652812500007
2 0.9736613984375 0.5992251500000001 0.04826703124999998 0.08783928749999992
2 0.70485976796875 0.8675854890625 0.0640361453124999 0.0561749062500001
3 0.78710549140625 0.942510475 0.15525225468749992 0.11497904999999997
2 0.7912550804687499 0.857160778125 0.051392089062499924 0.07226653749999978
4 0.62935424921875 0.0523610921875 0.035922429687500035 0.035588125
2 0.63276893671875 0.130877740625 0.02655118906250009 0.0557493
