2 0.07801058359375 0.543171109375 0.1560211671875 0.09862520625000004
2 0.210774353125 0.6416811250000001 0.37071093125000004 0.22113166562500008
2 0.61330172890625 0.7917908351562499 0.10986509843750003 0.16927022968750005
2 0.0438877546875 0.7294370296875 0.087775509375 0.05763415625000001
2 0.37871848515625006 0.7636656828124999 0.1314629203125 0.1798854124999999
2 0.29968371328125 0.81353788203125 0.13161779218750003 0.25392576093749986
2 0.31527974453125 0.9726562109374999 0.2104398546875 0.04165770624999998
2 0.47672412656249996 0.88377460234375 0.12334485 0.17891697031249998
2 0.45473422734375 0.6783759515625001 0.2146057171875 0.06137363749999991
2 0.6434978765625 0.8663617328125 0.08063151874999996 0.15120327187500004
2 0.8424614968749999 0.6969260789062499 0.18388221874999988 0.0804200328125001
2 0.7389980875 0.6152491671875 0.12635408437499995 0.12222222187499998
2 0.43256496406250006 0.606412521875 0.20280994375000005 0.11262730937499998
2 0.58103047109375 0.5470788945312499 0.15784213593750007 0.1370530109375
2 0.671416 0.5104243710937499 0.13165698124999992 0.11317329843749996
2 0.6413266796875 0.33595464921874996 0.267915046875 0.15232719218749996
2 0.46808162656249996 0.36867755625 0.15536025625 0.17429985312499996
2 0.662862709375 0.09960612812500001 0.07895733750000011 0.172990621875
2 0.79730151875 0.1286848046875 0.20610932187499986 0.13668133437500002
2 0.95374896484375 0.16979102265624998 0.09250207031250002 0.23486942031249997
2 0.76354137265625 0.31741341328125 0.20774036093749992 0.1738465171875
2 0.7875661609375 0.380972065625 0.12981813125000008 0.07461722500000001
2 0.8638112859375 0.4845962546875 0.14064153750000008 0.08402682812500006
2 0.907269578125 0.44032558203125 0.131709925 0.09244704531250003
2 0.99080066953125 0.4402478578125 0.018398660937499978 0.14784205624999996
2 0.94550438359375 0.62563218203125 0.08743413593750005 0.059425757812500035
