3 0.41258169921875 0.83823529453125 0.17483660156249997 0.11274509843750002
3 0.68627451015625 0.7708333335937501 0.18300653593750005 0.14950980468749997
4 0.36192810390624996 0.72671568671875 0.10294117656249996 0.12009803906249994
4 0.07352941171875 0.46568627421875003 0.12418300781250001 0.06862745156249994
4 0.39542483671875 0.4056372546875 0.04901960781250003 0.046568628124999956
3 0.5939542484375 0.49754901953125 0.07352941249999989 0.06372548906249997
3 0.89950980390625 0.7181372546875 0.1356209140625 0.08823529374999994
4 0.8619281039062501 0.41176470546875 0.06699346406250006 0.029411764062500012
4 0.9281045750000001 0.42401960781250003 0.062091503125 0.04411764687499997
4 0.49183006562500003 0.93995098046875 0.1895424843750001 0.12009803906250005
3 0.563725490625 0.8075980390624999 0.08169934687500002 0.09068627499999993
4 0.63643790859375 0.9509803921875 0.08660130781250008 0.07843137187500016
