2 0.1029411765625 0.669117646875 0.05228758125000002 0.05392156874999998
2 0.23120914999999997 0.6348039218750001 0.044117646874999944 0.03431372499999996
2 0.23120915078124998 0.70220588203125 0.05065359531250002 0.07598039218749997
2 0.187091503125 0.8223039218749999 0.11601307187499998 0.07107843125000002
2 0.2091503265625 0.856617646875 0.114379084375 0.06127450937500001
2 0.15931372578125 0.7267156859375 0.0767973859375 0.03676470625000006
2 0.17647058828125 0.75367647109375 0.06209150468750002 0.06617647031249996
2 0.23529411796875 0.78308823515625 0.09150326718749999 0.05147058906250013
2 0.35620915078125004 0.7622549015625 0.14705882343750004 0.07352941250000011
2 0.33169934609374996 0.6960784312499999 0.1307189546875 0.06862745000000003
2 0.49346405234375 0.7463235296875 0.14705882343749993 0.06127450937500001
2 0.50245098046875 0.78308823515625 0.07679738593749996 0.05147058906250013
2 0.62663398671875 0.74387254921875 0.0931372546875 0.04656862656250005
2 0.42892156796875003 0.70343137265625 0.06699346406250006 0.03921568593749991
2 0.37745098046875003 0.97058823515625 0.10130718906249997 0.05882352968750004
2 0.5130718953125 0.98039215703125 0.08823529375000005 0.03921568593749991
2 0.8267973859375 0.76593137265625 0.05228758124999988 0.06617647031250007
3 0.9150326796875 0.87254901953125 0.16993464062499997 0.19117647031249996
2 0.8006535945312501 0.84926470625 0.06862745156250005 0.05147058750000011
4 0.035947712500000006 0.5502450984375 0.03267973750000001 0.036764706249999946
2 0.11437908515625 0.56372548984375 0.05228758281250001 0.029411764062500012
