2 0.6055160867187499 0.8424299039062499 0.16920184531250004 0.2201246390624999
2 0.26587053359375 0.90727514140625 0.19281904531250005 0.18544971718750003
2 0.52819935859375 0.77728066484375 0.13149452031250003 0.12991629843749986
2 0.0894537953125 0.89511268203125 0.1292834375 0.11572450468749995
2 0.42515024296875004 0.6866610804687501 0.17947169843750005 0.10003978281250003
2 0.393900559375 0.75444305703125 0.14223222812500003 0.1125442015625
2 0.5143564218750001 0.56143590390625 0.05394964062500007 0.09489946093750001
2 0.64842706953125 0.603916284375 0.1533003328125001 0.07984722499999997
2 0.453607196875 0.60320891796875 0.07849099999999998 0.049128160937500054
2 0.40047256015625 0.5392508953125 0.07599458593749997 0.09700252812499999
