2 0.4084967320312499 0.8504901960937501 0.44771241718749993 0.2941176484375
1 0.5416666664062499 0.6495098039062499 0.1813725484374999 0.1666666671875
2 0.38071895468749994 0.6764705882812501 0.21568627499999998 0.19607843281250004
2 0.1478758171875 0.80514705859375 0.18137255000000002 0.23774509843750002
2 0.63970588203125 0.65318627421875 0.24673202656249993 0.1544117640625
2 0.08169934609375 0.49509803906249994 0.1633986921875 0.26470588125
2 0.12254901953125 0.686274509375 0.2450980390625 0.20588235312500003
2 0.24264705859375002 0.70465686328125 0.0866013078125 0.18382352968749993
2 0.41094771250000006 0.5735294117187499 0.10620915000000003 0.10784313593749995
4 0.58006536015625 0.5049019609375001 0.2549019609375 0.22058823437499997
