2 0.6045751632812499 0.9194312796874999 0.11764705781249996 0.16113744062500002
2 0.6756535945312501 0.77369668203125 0.24673202656250004 0.3578199046874999
2 0.7736928101562499 0.34597156406249996 0.17156862656249994 0.09004739374999998
2 0.8006535945312501 0.9383886257812499 0.06535947656250007 0.12322274843750003
2 0.7802287578125 0.58412322265625 0.1683006531250001 0.14928909843750005
2 0.8366013070312501 0.65521326953125 0.24509803906250005 0.15402843593750004
2 0.98529411796875 0.617298578125 0.029411764062500012 0.21090047499999987
2 0.8823529406249999 0.470379146875 0.1862745093749999 0.1066350718750001
2 0.687091503125 0.51895734609375 0.06045751562500001 0.2132701421875
2 0.8439542484375 0.31042654062499997 0.15196078437499994 0.07109004687499998
2 0.6470588234374999 0.132701421875 0.09477124062499998 0.17535544999999997
2 0.57924836640625 0.24763033125 0.12908496718750007 0.11611374375000003
2 0.61846405234375 0.5485781984375 0.13235294218750004 0.19194312812499992
2 0.5383986929687501 0.41587677734375 0.14869281093749998 0.14928909843750005
2 0.48856209140625 0.32701421796874997 0.12418300781250002 0.11848341093749998
2 0.31535947734375 0.38507108984375005 0.17647058906250004 0.2535545015625001
2 0.37254901953125 0.5509478671875001 0.18300653593750005 0.135071090625
2 0.0841503265625 0.39691943124999995 0.168300653125 0.08767772499999998
2 0.09232026171874999 0.25592417031250003 0.12254902031249998 0.218009478125
2 0.1119281046875 0.08530805625 0.223856209375 0.14691943124999998
2 0.28513071953125 0.263033175 0.19117647031249999 0.18957345937500003
2 0.34150326796875 0.2322274875 0.06535947656249996 0.132701421875
2 0.4338235296875 0.14099526093749998 0.0735294125 0.14454976249999998
2 0.38562091484375 0.10426540234375001 0.0816993453125 0.13744075781249998
2 0.3700980390625 0.01895734609375 0.14869280937499996 0.0379146921875
2 0.186274509375 0.017772511718750002 0.14379085000000003 0.035545023437500003
2 0.562091503125 0.042654028125 0.052287581250000104 0.08530805625
