2 0.41911764687499997 0.8492647062500001 0.17810457500000004 0.21323529374999994
2 0.7614379085937499 0.89460784375 0.18300653593749994 0.20588235312500003
2 0.49183006562500003 0.7781862749999999 0.1274509812500001 0.134803921875
2 0.93545751640625 0.8639705882812501 0.12908496718749995 0.11029411718749993
2 0.58660130703125 0.6801470585937499 0.17973856093749996 0.09068627343749991
2 0.62418300625 0.7463235296874999 0.14052287499999994 0.10539215625000009
2 0.48937908515625 0.5625 0.05065359531249991 0.09558823437500008
2 0.3602941171875 0.61764705859375 0.15196078437500005 0.07843137343749995
2 0.55310457578125 0.60049019609375 0.07679738593750007 0.04901960781250003
2 0.6029411765624999 0.5318627453125 0.07189542500000001 0.09803921562500001
