2 0.9210975648437499 0.5919628710937499 0.05600360156250006 0.058854685937499984
2 0.7907433789062499 0.58135126171875 0.045645426562499924 0.041477770312499995
2 0.8018998335937499 0.6481384171875 0.04551022031250007 0.07988466875
2 0.87006098125 0.7557411968750001 0.1204947031250001 0.05823668125000003
2 0.8536522796875001 0.80080443046875 0.1190916968750001 0.06451363593749992
2 0.87908930703125 0.6565413328125 0.07451681406249999 0.04187783749999996
2 0.86762586015625 0.6861921703125 0.06001537031249993 0.07088443124999999
2 0.8133906015625 0.73263495078125 0.0977724687499999 0.05186033281249991
2 0.6928264429687501 0.7265703796875 0.14629336718749997 0.0921323531249999
2 0.70496037109375 0.66025089296875 0.1273819421875001 0.08584984218750003
2 0.5520136015625 0.7428891 0.14669528437500007 0.08103794375000006
2 0.55254517109375 0.7765282421874999 0.07959542343750003 0.05404278749999991
2 0.42326152890625 0.76277537890625 0.09262811093749995 0.05880776406249999
2 0.60905672578125 0.6841047953125 0.06763328281249992 0.04660144687500001
2 0.71135956953125 0.9391823078125001 0.09410057031249996 0.07582598125000006
2 0.5822055796875001 0.9764709835937501 0.08734854375000001 0.04705803281249987
2 0.2304165703125 0.82324545546875 0.04858664999999998 0.0702608734375001
3 0.16858886953125002 0.9206995210937501 0.16166810156250003 0.15860095781249994
2 0.2711459171875 0.8999033609375 0.071374634375 0.05987830937499994
4 0.96511355703125 0.46093249296875005 0.035353001562499875 0.0407659265625
2 0.8916307070312499 0.4886629546875 0.052262251562500084 0.03822476875000008
