1 0.782944203125 0.36895239296875004 0.09791519687499994 0.0972219921875
2 0.806721921875 0.0369937125 0.1593639281250001 0.073987425
1 0.53370936640625 0.17642399453125 0.05026993281250003 0.04946678593749998
1 0.5197373710937501 0.0313070875 0.024023254687499995 0.057496934374999996
2 0.76578874140625 0.87446825546875 0.07779935468749999 0.14698587343750003
1 0.6830756109375 0.9147587078125001 0.0701555625000001 0.04783504062499999
1 0.83099102265625 0.9357718421875001 0.10926902968749996 0.08940910625000009
1 0.8350660585937499 0.7522002359375 0.11660359843750012 0.08502822187500003
1 0.59164958125 0.5971621164062499 0.05195392187500003 0.0486065765625
1 0.8018761421875 0.6204543656249999 0.11908357187499996 0.08227908437499998
1 0.9444599554687501 0.5692205421875 0.10764422031249987 0.07965853750000007
4 0.7219027851562501 0.66433420625 0.08684424843750005 0.10168270937500001
4 0.7255502398437499 0.4457598609375 0.15865746406249992 0.0693049375
4 0.7265993625 0.2837024890625 0.15298054687499996 0.06904775937499999
2 0.6655317632812501 0.86236985859375 0.05172370781250002 0.06174922968749996
2 0.41721095703125 0.047314209375 0.03283793593750001 0.026236549999999997
