3 0.1740196078125 0.9681372546875 0.08660130625000001 0.06372549062499999
2 0.93954248359375 0.9129901960937501 0.045751632812500165 0.08088235156250001
2 0.80228758125 0.8774509796875 0.08169934687500002 0.05392156875000009
2 0.70988330703125 0.82390919609375 0.07662935781250013 0.053921567187499964
2 0.616013071875 0.7549019609375001 0.062091503125 0.03431372499999996
2 0.6119281046875 0.82107843203125 0.05718954374999996 0.04901960781250003
2 0.6421568625 0.77573529453125 0.062091503125 0.031862745312499996
2 0.3962418296875 0.7156862749999999 0.04411764687500003 0.03431372499999996
2 0.812908496875 0.8333333335937501 0.02777777812499993 0.05882352968749993
2 0.75 0.8186274507812501 0.05555555625000008 0.029411764062500012
