1 0.76959440625 0.3430897625 0.10080313437499999 0.09307338124999998
2 0.75852328125 0.02778736953125 0.1483397124999999 0.0555747390625
1 0.5057614046875001 0.17550342890624998 0.0518455187500001 0.050093664062500015
1 0.47712006250000005 0.030513839843749998 0.023626440625000023 0.0576588234375
2 0.7955785312499999 0.8492454695312499 0.08413567812499989 0.1481129578124999
1 0.718834403125 0.8968115437499999 0.07199246874999998 0.04829226250000007
1 0.86871998046875 0.9037104140625 0.11462882343750003 0.08265628749999987
1 0.8550747390625 0.7216758421875 0.11790315937500007 0.07916982812500006
1 0.6005081624999999 0.5883072429687499 0.05223194687499999 0.05034395468750008
1 0.8117553414062499 0.59446404375 0.12436118906249993 0.07730144999999988
1 0.94717739453125 0.5289703484375 0.10564521093750001 0.075775025
4 0.736159371875 0.64312293828125 0.09182137812499991 0.10168907031249996
4 0.721308709375 0.43192934843749997 0.16003856250000004 0.07006063437500004
4 0.70773185234375 0.27039581484374997 0.1531257171875 0.06932736718750004
2 0.696731425 0.84593352265625 0.05571143750000007 0.06080333593749998
2 0.37804554921875 0.0553932359375 0.034131660937499975 0.026231309374999998
