3 0.66267574453125 0.81590581484375 0.17043689531249995 0.12177395781249989
3 0.3779273578125 0.798698265625 0.18007250312500006 0.1546197062500001
4 0.67840438828125 0.6939329750000001 0.09348792343750001 0.124210071875
4 0.9107813398437499 0.37810761484375 0.13013229843750007 0.0650894265625
4 0.5813968585937499 0.3873158078125 0.05406346093750003 0.05302494062499996
3 0.4080988765625 0.521213465625 0.07090344375000002 0.06810825937500004
3 0.15431893593749998 0.79778241796875 0.130109334375 0.09885762031250012
4 0.12610698203125 0.48894194296875004 0.06858702031250002 0.03794162031250009
4 0.06672729453125001 0.51553721953125 0.0632825921875 0.04077549531250002
4 0.60175549765625 0.93510281875 0.1986498015625 0.12696656250000005
3 0.49983673671875 0.81583385625 0.08093319531249998 0.09615916562499993
4 0.4618364453125 0.96701067890625 0.0867472125 0.06597864218749994
