1 0.384803921875 0.78992628984375 0.09967320312500005 0.0958230953125001
2 0.0490196078125 0.8329238328124999 0.078431371875 0.16216216250000015
1 0.17892156874999998 0.55036855078125 0.05065359375 0.04914004843749997
1 0.033496732031250004 0.5454545453125 0.057189542187500005 0.02457002500000005
2 0.88888888828125 0.746928746875 0.1470588234375001 0.07371007499999993
1 0.9240196078125 0.6609336609375001 0.04738562187499984 0.0687960687500001
1 0.95343137265625 0.8071253070312501 0.0931372546875 0.10565110468750005
1 0.76960784296875 0.8218673218749999 0.08823529531250007 0.11547911562500002
1 0.6021241828125 0.58599508671875 0.04738562187499995 0.05159705156249994
1 0.6356209148437499 0.7948402953125 0.08496732031249998 0.11547911562500013
1 0.5931372546875 0.93980343984375 0.08169934687500002 0.10565110468750005
4 0.6764705882812501 0.7125307125 0.10130718906250002 0.08353808437499999
4 0.45424836640625 0.72727272734375 0.06862745156249994 0.1572481578125
4 0.29248366015625005 0.7371007367187501 0.0686274515625 0.15233415156249996
2 0.8709150328125 0.64619164609375 0.062091503125 0.04914004843750008
2 0.044117646875 0.441031940625 0.026143790624999996 0.03194103125000003
