2 0.49271752265625 0.83964335546875 0.4268646171875001 0.32071328906249996
1 0.57328329921875 0.636768984375 0.1906377796875 0.13281507812500004
2 0.426474821875 0.709071934375 0.22510665937500007 0.19987456562499994
2 0.22572664921875002 0.87998537890625 0.1548557890625 0.2400292421875
2 0.6684102125 0.61525709296875 0.2652810218749999 0.11260093593749998
2 0.09107296015625001 0.59759110859375 0.1399754671875 0.27813767656249994
2 0.16150659140625 0.7717380250000001 0.24114548281250003 0.2450812187500001
2 0.29561839453125 0.75601685234375 0.09553262343749999 0.1886688890625
2 0.4258213375 0.5911248890625 0.11543704374999997 0.09405415937500006
4 0.5887925265625 0.48116372265624996 0.2731238187499999 0.1941864921875
