4 0.06245229453125001 0.79406788359375 0.0886650671875 0.1124847484375
4 0.1680976359375 0.034135011718750004 0.05118021874999998 0.06827002343750001
4 0.07917823671874999 0.120339934375 0.0426472515625 0.05530260000000001
4 0.2363701484375 0.12391841484374999 0.04886213437500003 0.0860062265625
4 0.05488888046875 0.35248157890625 0.05694906093750001 0.09072753906250003
4 0.24261907187499998 0.44150992890625007 0.06546444999999998 0.0670307140625
4 0.24014443203125 0.50057905 0.0681483765625 0.08319449374999999
4 0.2841775859375 0.6326707468749999 0.07637812187499998 0.08024745
4 0.34660105625000004 0.70506931015625 0.0728471625 0.0863821359375
4 0.34643187265625 0.63135506328125 0.05886614843749999 0.08447255468750003
4 0.399055665625 0.8146144375 0.06669490312500004 0.08880294062499994
4 0.570612009375 0.819922053125 0.07093007500000015 0.10029045937500003
4 0.7399617804687499 0.76215343125 0.07458627968749998 0.14257186875000016
4 0.71625855703125 0.54119864375 0.05838495781249997 0.08982538749999996
4 0.92597759921875 0.4175044296875 0.06647188281250005 0.0782325875
4 0.8234880773437501 0.37980159296875 0.06407360156249997 0.0898253859375
4 0.637670025 0.40035599453125004 0.05886615000000006 0.08856234531250001
4 0.5705340296875001 0.36178104140625 0.046962621875 0.09275741718749997
