2 0.85541224375 0.55002733828125 0.20316713124999997 0.18896215156250007
2 0.87081886640625 0.20480359296875 0.21948245468749994 0.1723513078125
2 0.7779109546875 0.48303884609375 0.140984284375 0.12162556718750006
2 0.8189133906249999 0.050188205468750004 0.10057147187499993 0.10037641093750001
2 0.67162892109375 0.39858707031249996 0.08879310781250005 0.180285021875
2 0.7344917265625 0.35507523750000003 0.09573436874999997 0.14156462812499998
2 0.56290301953125 0.5052400734375 0.09707583906249995 0.04875190624999992
2 0.6341463265625 0.62857457578125 0.07927220937500001 0.15069039218750002
2 0.5960594070312499 0.439407290625 0.05094858281250003 0.07565068124999996
2 0.52305440546875 0.39467352499999997 0.10279295468750005 0.06863120312499998
