2 0.15366733828125 0.3908665375 0.2819133265625 0.45233727812499996
1 0.34825788046875 0.53365655078125 0.17404920468749996 0.1788150453125001
2 0.3326221921875 0.36999701015625 0.19589523125000002 0.21568305156250006
2 0.21442677890625 0.1313620328125 0.23690617968749997 0.188179078125
2 0.34035339296875 0.63316483671875 0.16548829531250003 0.24293047968750003
2 0.5297947359375 0.0838541125 0.25935464999999996 0.167708225
2 0.3382659375 0.11964510078124999 0.19089431249999994 0.23929020156249997
2 0.3087931171875 0.234661915625 0.181348184375 0.09084395312500002
2 0.43136026875 0.40831185625 0.110773925 0.10362638125000001
4 0.4904013625 0.57777496796875 0.22935065 0.2525002359375
