4 0.1299019609375 0.48406862734375 0.076797384375 0.09068627343750002
0 0.0310258609375 0.11330197968750001 0.03271951875 0.045231409375000003
4 0.25 0.19852941171875 0.03594771249999995 0.039215685937499994
2 0.401960784375 0.13602941171875 0.022875815624999962 0.04656862656250002
2 0.45751633984374995 0.2892156859375 0.03594771093749999 0.053921568749999926
4 0.5735294117187499 0.18504901953125003 0.08496732031249998 0.0759803921875
2 0.5669934640625001 0.51593137265625 0.026143790625000052 0.06617647031250001
3 0.5522875820312501 0.4865196078125 0.1045751640625 0.12009804062499996
2 0.633169934375 0.4595588234375 0.02777777812499993 0.06127450937500001
2 0.633986928125 0.66176470625 0.01960784375000002 0.06372549062499999
3 0.83006536015625 0.67279411796875 0.04901960781249981 0.06617647031250007
2 0.9183006539062499 0.6470588234375 0.06535947656250007 0.04411764687499997
2 0.9444444445312501 0.6164215687500001 0.0816993453125 0.07107843125000002
2 0.8986928101562501 0.9068627453125 0.06862745156249994 0.05392156875000009
2 0.36356209140625 0.3897058828125 0.02124182968749999 0.06372549062499999
