4 0.0392156859375 0.90931372578125 0.078431371875 0.08333333281249988
4 0.1119281046875 0.85906862734375 0.08006535937499999 0.12009803906249994
4 0.10049019609375001 0.08823529375 0.05392156718750002 0.0735294125
4 0.025326796875 0.18995098046875 0.044117646875 0.0563725484375
4 0.1830065359375 0.17034313671875 0.04248365937499998 0.08578431406249998
4 0.03594771249999999 0.42647058828125 0.05882352812499999 0.08823529531249996
4 0.2377450984375 0.48651960781250003 0.06372549062500005 0.06617647187500003
4 0.24346405234375 0.5404411765625 0.062091504687499965 0.08578431249999996
4 0.30637254921875 0.6642156859375 0.07352941093749998 0.08823529374999994
4 0.37826797343749996 0.7279411765625 0.07026143749999997 0.08823529374999994
4 0.37009803906250005 0.65563725546875 0.06045751562500001 0.08578431406249998
4 0.4509803921875 0.8272058828125 0.062091503125 0.09068627500000004
4 0.61846405234375 0.8051470585937499 0.07026143906250004 0.09558823593749999
4 0.7818627453125 0.72058823515625 0.07026143749999991 0.14705882343749999
4 0.71895424765625 0.50612745078125 0.04901960781250014 0.09068627343750002
4 0.91013071875 0.3529411765625 0.06535947812499998 0.07843137187499999
4 0.8022875820312501 0.33210784296874996 0.05555555468749995 0.09068627343749996
4 0.61764705859375 0.38112745078125 0.05882352968749993 0.08578431406249998
4 0.54656862734375 0.3529411765625 0.05065359531250002 0.09313725624999997
