4 0.14297132890625 0.40030408515625004 0.0886128390625 0.08983225781249998
0 0.13025121953125002 0.020489303125 0.028512339062499975 0.04097860625
4 0.3256019875 0.14946696953125 0.03778312812500001 0.03931329218749999
2 0.486349090625 0.12367149687500001 0.022964750000000034 0.04684534374999999
2 0.506021346875 0.28506132968750003 0.043847984374999927 0.05106929375000002
4 0.6430447632812499 0.21058062890625 0.0910598734375 0.0846924640625
2 0.5616616750000001 0.5300419523437501 0.031724415624999946 0.06705334218749998
3 0.5594933890625 0.49991374062500005 0.10244625937500007 0.11738750312500007
2 0.6363420328125 0.489633128125 0.029333181250000062 0.06264458437499998
2 0.5933676562500001 0.6872078374999999 0.028540200000000016 0.06245977812499992
3 0.78086780390625 0.74261396640625 0.0535245203125001 0.06962631093749994
2 0.87422292265625 0.7368355375 0.07195457656250004 0.04041394374999996
2 0.9076912335937499 0.714151071875 0.07078378593750012 0.08322424374999993
2 0.7961225390625 0.9813960015625 0.07183183124999992 0.03720799687500009
2 0.39000198125 0.36239221328125 0.026886146875000017 0.0628273453125
