3 0.556004371875 0.8454216820312499 0.17694831562499996 0.1215728078124999
3 0.2897615546875 0.7586234406250001 0.18423269375 0.15278598124999998
4 0.61821415078125 0.7367474328125001 0.10788987968749997 0.11835932812500005
4 0.9275585343750001 0.5049799679687499 0.12016013124999991 0.0734931109375
4 0.61101296796875 0.4149682484375 0.050114776562500074 0.04549562812500002
3 0.40597604218750005 0.4869487015625 0.07538578125 0.06248611562499995
3 0.08342577109375 0.6827012203125 0.1393771765625 0.08419683749999995
4 0.147673396875 0.379203446875 0.067379384375 0.032432893750000025
4 0.0801466203125 0.38642731796875 0.06313692812499999 0.04537387968749995
4 0.46879273046875003 0.93766163515625 0.1833483421875 0.12467672968749999
3 0.4082533328125 0.7994493796875 0.08552834687500005 0.08863224999999986
4 0.32413489687499997 0.93715931171875 0.08541729687499999 0.08012667656250005
