4 0.13017571171875 0.5348982625 0.06974383281250002 0.09169732812500009
4 0.21064694140625 0.23591546718749998 0.03593898281249999 0.04042589062499996
2 0.3522599796875 0.1531022671875 0.025723184374999986 0.046342831249999994
2 0.42859428125 0.29717960703125 0.03286898437500002 0.05749013281249998
4 0.5289811234375 0.17753967421875 0.0817526500000001 0.0722846640625
2 0.56770593046875 0.50668004921875 0.031347129687499975 0.06735170156249998
3 0.547685396875 0.47876808125 0.10833299374999988 0.11968582500000002
2 0.62539283359375 0.44221464609375 0.03364743593749997 0.05976856093749994
2 0.655196271875 0.6418841578125001 0.024874790625000087 0.06424235312499993
3 0.8526070328124999 0.6258584984375 0.051612546875000054 0.06962577187499996
2 0.93486696875 0.5885484937500001 0.06233562812499993 0.05005569374999996
2 0.9558029421875001 0.55343385 0.08839411562499999 0.06265486250000007
2 0.951948775 0.84809809140625 0.06830068437500003 0.05976420468749999
2 0.34919881093750005 0.40942663359375 0.02785731562499999 0.06265050468750005
