2 0.08660130703124999 0.63625 0.0522875828125 0.09749999999999992
2 0.097222221875 0.395 0.06372549062500002 0.06
2 0.06209150390625 0.30125 0.0490196078125 0.03749999999999998
2 0.20751633984375 0.29000000000000004 0.04901960781250003 0.065
2 0.26307189609375 0.31625000000000003 0.02287581718749998 0.08749999999999997
2 0.2892156859375 0.38125 0.062091503125 0.04749999999999993
2 0.366013071875 0.3575 0.04248365937500004 0.03500000000000003
2 0.39133986875 0.6737500000000001 0.06372549062499999 0.07750000000000001
2 0.24754901953125 0.51375 0.04738562031249999 0.0625
2 0.29330065390625004 0.48125 0.0310457515625 0.08750000000000002
2 0.4338235296875 0.59375 0.0735294125 0.0625
2 0.5016339875 0.81625 0.08823529375 0.0475000000000001
2 0.47712418359375003 0.7324999999999999 0.08496732031249998 0.05999999999999994
2 0.5490196078125 0.79 0.07843137187500004 0.06499999999999995
2 0.6821895429687499 0.8599999999999999 0.0833333328125 0.05500000000000005
2 0.758169934375 0.71625 0.02614379062499994 0.05249999999999988
2 0.8709150328124999 0.8125 0.08169934687499991 0.06999999999999984
2 0.9060457515625 0.79 0.08333333437499979 0.05999999999999994
2 0.85866013046875 0.71375 0.0408496734374999 0.07250000000000001
2 0.812091503125 0.6637500000000001 0.03267973750000008 0.057499999999999996
2 0.9509803921875 0.55625 0.06535947812499998 0.05249999999999999
2 0.85947712421875 0.58875 0.06862745156250005 0.04249999999999998
2 0.8071895429687501 0.5887499999999999 0.05882352968750004 0.0675
2 0.8080065359375 0.52125 0.06372549062499999 0.07250000000000001
2 0.83823529375 0.50125 0.062091503125 0.07249999999999995
2 0.74918300625 0.5275 0.06372549062499999 0.05499999999999994
2 0.6772875820312501 0.56125 0.05718954218749994 0.0625
2 0.62418300703125 0.5975 0.07516339843749986 0.05499999999999994
1 0.5890522874999999 0.61375 0.040849671875000104 0.032500000000000084
2 0.51633986953125 0.60125 0.03267973906249999 0.08250000000000002
2 0.44035947734375 0.665 0.05065359531250002 0.07499999999999996
2 0.4869281046875 0.6825 0.026143790625000052 0.07000000000000006
2 0.4591503265625 0.5575 0.062091503125 0.050000000000000044
2 0.5081699351562501 0.43125 0.0326797390625001 0.07750000000000007
2 0.54901960859375 0.47875 0.04901960781249992 0.06250000000000006
2 0.571895425 0.47624999999999995 0.03921568750000004 0.05750000000000005
2 0.49836601328125 0.34125000000000005 0.06535947656249996 0.03250000000000003
