2 0.62569278046875 0.23163158046875 0.04326016093750007 0.051527870312499974
2 0.98637476640625 0.27742860390625 0.027250467187500016 0.04392723906250001
2 0.94856872265625 0.47197042343749995 0.04740713593750012 0.05854290624999997
2 0.893296721875 0.43164114296875 0.06937245312499996 0.06007741718749998
2 0.9004055992187501 0.4705363914062499 0.054177995312500005 0.028937139062500006
2 0.8462041453125 0.44257117031249993 0.08576711249999991 0.028600974999999973
2 0.7618635015625 0.45500653515625 0.05386621562500005 0.03154219531250002
2 0.7283098671875 0.3824298515625 0.06197248124999999 0.04865610312500007
2 0.93792408046875 0.56149108125 0.059613451562499975 0.0738481875
2 0.7436024828125001 0.92122166171875 0.046783574999999966 0.07525119531249991
2 0.632037634375 0.8891497492187501 0.043660228125000144 0.06736657031250004
2 0.56930638828125 0.90616132578125 0.05809592031249999 0.05353375156249984
2 0.8580449664062499 0.63868611015625 0.07083751093750001 0.0797306296875
2 0.83157675 0.58275011015625 0.08982024374999997 0.04324132968750005
2 0.88416683359375 0.49332622890625 0.08754950156249985 0.042568998437500005
2 0.7795577499999999 0.5546844093750001 0.05698400937499992 0.03522150000000002
2 0.66006043203125 0.5011927890625 0.0565370234375 0.046916931249999905
2 0.6739580765625 0.44896341640625004 0.06562554687500011 0.050059110937499984
2 0.6116765945312499 0.5274609734375 0.04210132968750002 0.04531296562499998
2 0.634494521875 0.634890115625 0.06643123125000017 0.04778281250000005
2 0.6544070382812499 0.5836289562499999 0.08353773593749991 0.037896012499999965
4 0.7228469328125 0.65673906015625 0.05146026874999998 0.0423022890625
2 0.6384235578125 0.7647766328125 0.06179590937500001 0.028604678125000005
2 0.6963842703125 0.7005814140625 0.05324265625000002 0.032945203125000044
2 0.620623115625 0.74716773515625 0.06157241562499993 0.0384294328125
2 0.6129196953125 0.82191838515625 0.05328402187500014 0.054936760937499995
2 0.5730835515625 0.7394840703125 0.06148412812500004 0.031209734374999965
2 0.51296106484375 0.79769821796875 0.0527956703125001 0.033884245312500005
2 0.591764078125 0.5789888437499999 0.06054879062499996 0.02379278124999995
