2 0.06280788203125 0.9133986929687501 0.1256157640625 0.0816993453125
4 0.39162561562500003 0.8374183007812501 0.19704433437500002 0.05718954218750005
2 0.0504926109375 0.7540849671875001 0.100985221875 0.07679738437499994
2 0.37561576328125 0.75 0.24876847343750003 0.058823528125000024
2 0.49876847265625 0.8218954249999999 0.05665024531249996 0.06535947812499987
2 0.72660098515625 0.73202614375 0.25615763593749996 0.06535947812499998
2 0.56773398984375 0.75326797421875 0.0960591140625 0.07516339843749997
2 0.7389162554687501 0.6625816992187499 0.1921182265625 0.06372548906249997
2 0.7290640390625001 0.61928104609375 0.10344827499999998 0.05555555468749995
2 0.9322660101562501 0.48447712421875 0.09605911406250012 0.027777776562500023
2 0.9039408867187501 0.60866013125 0.059113301562500054 0.05392156874999998
2 0.42118226640625 0.68872548984375 0.16256157656249998 0.07679738593749996
2 0.27586206874999997 0.6748366015625 0.13793103437499996 0.05228758124999988
2 0.5874384234375 0.7026143796875 0.1502463062499999 0.03594771249999995
2 0.38669950781249995 0.6013071898437501 0.10837438437499997 0.03921568593750002
2 0.1625615765625 0.66748366015625 0.08866995 0.03758169843749992
2 0.2709359609375 0.64460784296875 0.123152709375 0.0310457515625
2 0.69088669921875 0.8954248367187501 0.12561576406249997 0.07843137343750006
