2 0.963909959375 0.8558852898437499 0.07218008124999997 0.06996465781250005
4 0.6537932328125 0.8188048484374999 0.19314244375 0.07602100624999997
2 0.96280206796875 0.68418841875 0.07439586406249998 0.05851823437499992
2 0.65853553125 0.72991328671875 0.2470296968750001 0.08601712343750001
2 0.5449953953125 0.81859136484375 0.054961893749999935 0.06986526718750008
2 0.3083508921875 0.7625801375000001 0.2495714 0.07657003125000006
2 0.46783217187500004 0.75903016875 0.09535168124999999 0.077174240625
2 0.2871728953125 0.69417465546875 0.188656696875 0.08283613593749994
2 0.29056183359375 0.64982836796875 0.10130448906250006 0.0670125734375
2 0.06966670234375001 0.54513078359375 0.09694352968750002 0.030976042187500052
2 0.11511280625 0.6638203640625 0.058765421875 0.05476797187500004
2 0.60556693515625 0.67591951796875 0.16734693593750005 0.06713743593749999
2 0.746971409375 0.6455404375 0.13931758437499997 0.04800802187499986
2 0.44195210390625 0.71229743984375 0.15083078281250006 0.037735989062499975
2 0.62561487421875 0.58421010390625 0.10595525156249996 0.05186009531250002
2 0.8573500132812499 0.6156348554687501 0.09144553281250012 0.03892991093749998
2 0.745823290625 0.609216296875 0.12218160312500004 0.037695303125000024
2 0.36660321171875 0.91564022890625 0.1224090109375 0.07643347656250021
