2 0.65747212265625 0.87381151484375 0.24093521093750003 0.10746221718750004
2 0.69013537890625 0.7542578328125 0.2288981484374999 0.11326221250000001
2 0.82453469765625 0.58364688515625 0.1870021890625 0.22744183281250002
2 0.76178739765625 0.45311811953125003 0.29844508281250004 0.08448118906250007
2 0.47918297109374997 0.5237625796875 0.16605143906250003 0.05355689999999996
2 0.73628753125 0.36680775859375 0.23628753125000013 0.17306024531249997
2 0.8168524906250001 0.16353445625 0.10696037812500003 0.18427346562499997
2 0.64635369921875 0.31847789296874995 0.30517792031249996 0.09637846093749997
2 0.7278749398437501 0.1833142328125 0.13741744218749996 0.20173899374999998
2 0.47371593125 0.38377225156249994 0.09308022812500005 0.10840358124999999
2 0.510469503125 0.2205219859375 0.21791208437499993 0.1421743125
4 0.49291021953124997 0.4430076890625 0.10620813906249993 0.04180187499999999
2 0.32138215390625 0.312234396875 0.09909278906250002 0.07287958437499997
2 0.30127952812500003 0.14626473437499998 0.05944800312500004 0.035859631249999996
2 0.31200688906249996 0.10042171796875002 0.05945439687500004 0.05389253281250002
2 0.37642167578125 0.08270107656249999 0.08593930781250003 0.10686326874999999
2 0.07145686796874999 0.40749169531250007 0.12238975468749999 0.13299724375000005
4 0.18005225234375 0.662762015625 0.10778293593750002 0.15552918437500007
2 0.318454740625 0.8671492804687501 0.19136324375000002 0.11519608281250004
