2 0.15707285234374999 0.7209135539062499 0.1661745671875 0.20935482656249993
4 0.056297572656249996 0.17887526015625 0.11259514531249999 0.2526385109375
5 0.19589222499999998 0.26707024921875 0.17745869999999997 0.1341897703125
4 0.19258113203125 0.408025890625 0.14470977343750002 0.13229515000000003
4 0.30693151875 0.100307765625 0.07484994687500007 0.0802022875
2 0.29600309921875 0.24516618437499998 0.04862299843750001 0.059024712499999965
0 0.467567965625 0.5087066796875 0.18888750937499998 0.21559772500000007
0 0.23775682343750001 0.50534324765625 0.125188303125 0.15865238281250005
0 0.33487913593749996 0.5262162757812501 0.11125190937500001 0.16403409218749998
4 0.29150615625 0.73645971015625 0.11524124999999999 0.12157405468749993
4 0.50024173515625 0.7819112820312499 0.06627630781249993 0.041863457812500005
2 0.3994789125 0.887117921875 0.042829371874999966 0.05095454374999997
2 0.11662049140625 0.49508403046875005 0.1798078421875 0.1126677203125
4 0.06477664296874999 0.45148328593750003 0.12955328593749998 0.09472513437499996
0 0.3082520078125 0.174386946875 0.04766668750000003 0.08613824999999997
