2 0.1096124578125 0.60710795703125 0.11916180624999997 0.2361987828125
2 0.22251846484375 0.6576893703125 0.1352536453125 0.22361544999999994
2 0.37426057890625003 0.81370883359375 0.22064996718750007 0.17898184531250005
2 0.5093607234374999 0.7656202328125 0.06448529062499991 0.30265184687500013
2 0.47938662968749995 0.47716638515625 0.06402035312499998 0.16513899218749994
2 0.6008445328125 0.75237789375 0.14809149062500004 0.2523778937500001
2 0.7970811570312499 0.8546975578125 0.18172658906250005 0.09833077812500024
2 0.6642895640625 0.66815888359375 0.07242186250000004 0.30811467031250006
2 0.7848765609375 0.7648083710937499 0.20579915625000011 0.1173777546875
2 0.61781558359375 0.48737661874999993 0.11058160468750011 0.08269573125000002
2 0.7749584406250001 0.5423364242187501 0.1605189343750001 0.20612348593749996
4 0.56122374921875 0.50136726171875 0.03998986406250005 0.10535999531249995
2 0.70851160234375 0.34458163125 0.06568216406250005 0.101775603125
2 0.8776065859375 0.34556707656249996 0.034954053124999995 0.059579865625000006
2 0.9173608703125 0.36146593046875 0.05266562500000005 0.06081777968749996
2 0.92958936640625 0.42848661171875 0.11229329218750006 0.07415968281249996
2 0.643730728125 0.08501339453125001 0.13943336249999994 0.10921330468750001
4 0.37864936875 0.1587850328125 0.15377300625 0.1090737375
2 0.15746304296875002 0.2746046171875 0.1311980890625 0.18164035625
