4 0.6799425679687501 0.8050155179687499 0.19032931093750005 0.08910796093749995
2 0.9690210218749999 0.6388674249999999 0.06195795625 0.052467881250000015
2 0.67835295859375 0.71505808515625 0.2434952546875001 0.10219528281250012
2 0.5719566265625 0.8133682328124999 0.05336046875 0.07199531874999998
2 0.33213644375 0.7781265460937501 0.242976125 0.09576342968750007
2 0.49042357578125 0.76000423984375 0.09396469218750003 0.07780968281249989
2 0.30561791328125 0.7130253499999999 0.1846212796875 0.09610054999999995
2 0.30492573984375 0.66747504453125 0.09895906718750003 0.07352400156250005
2 0.07513726875 0.5826677359375001 0.09653766250000001 0.03676533437499996
2 0.13085530234375 0.6970541859375 0.057965798437499994 0.05537998750000006
2 0.6212732578125 0.66615833515625 0.16868701249999996 0.060423342187500007
2 0.7588256695312501 0.62665437890625 0.1388066765624999 0.04665510468749989
2 0.4609322859375 0.7162596515625 0.14970360624999995 0.04666844375000001
2 0.632083065625 0.5726695609375 0.10339135312500003 0.05926512187499999
2 0.8662817406249999 0.58202030234375 0.09227841874999998 0.039388814062500055
2 0.75388499375 0.5857719234375001 0.12036388125000008 0.04313376562500004
2 0.40469752187499997 0.9267433171874999 0.12073144687499998 0.07954197500000004
