2 0.8336789687499999 0.73581431015625 0.09460246250000004 0.2481756046875
4 0.7077228992187501 0.674558665625 0.17514309218750002 0.14791814999999997
2 0.9340152374999999 0.5902200703125 0.11819906562499993 0.07293506562499985
2 0.8950497578125001 0.62124727109375 0.11973429687499992 0.05709337031250006
2 0.85721333671875 0.97350479765625 0.12048367968750007 0.05299040468750005
2 0.9358517734375 0.8219780703124999 0.06563364999999999 0.169617075
2 0.7073058437499999 0.5052556445312499 0.11005107812500003 0.07063767968750001
4 0.52328536328125 0.52005617109375 0.13625735468749994 0.09031043281249995
2 0.409659296875 0.5359469484375 0.09360665937499996 0.121082021875
4 0.4885129390625 0.45178524140625 0.09083970937500008 0.06999397031249999
2 0.420190978125 0.47393694921874996 0.09760090937499999 0.06067505781249988
2 0.478564421875 0.35253931328125 0.07508316250000002 0.05594779843750003
2 0.41900520234374994 0.34978758515624997 0.06970433281249994 0.04585580781250004
2 0.52905517734375 0.37202269765624996 0.04019388593750006 0.037934960937499984
4 0.09327879296875 0.6513096250000001 0.1865575859375 0.196576325
2 0.22130173125 0.40226434140625 0.14202275312499996 0.0961707859375
2 0.08838896875 0.3421542703125 0.143173625 0.11981956249999998
2 0.16570406875000002 0.30754694375 0.10951165000000002 0.11317053437499996
4 0.12962459999999998 0.2510894828125 0.06993583125 0.06513734374999999
4 0.12961797656250001 0.41527870624999996 0.074085153125 0.04917564374999994
2 0.3168213578125 0.5621822078125001 0.11665941875000002 0.08954047812499999
4 0.18954058046875 0.81896988984375 0.23270739531249998 0.2955588453125
