2 0.097222221875 0.5551470585937499 0.13562091562499998 0.22794117656250001
2 0.20343137265625 0.6228925765625 0.1552287578125 0.21499915937500003
2 0.33660130703124996 0.7977941171875 0.2156862734375 0.188725490625
2 0.47140522890625 0.7647058828125 0.07026143906249993 0.30392156874999987
2 0.48120915078125 0.47549019609375004 0.07679738593750007 0.16176470468750004
2 0.5694444445312499 0.76470588203125 0.12581699218749998 0.2647058828125002
2 0.75245098046875 0.88602941171875 0.17810457656250012 0.09068627343750002
2 0.64869281015625 0.68627451015625 0.06862745156250005 0.30882352968750004
2 0.74918300703125 0.79411764765625 0.21078431406249987 0.1029411765624999
2 0.61764705859375 0.501225490625 0.11111111093750003 0.07107843124999991
2 0.76633986953125 0.5747549023437499 0.1764705890624999 0.19362745156249994
4 0.56372548984375 0.50857843125 0.03921568593750002 0.10539215625000004
2 0.7246732023437499 0.3713235296875 0.06045751718750003 0.10539215624999998
2 0.8962418296874999 0.39215686328125 0.03431372499999996 0.05882352968750004
2 0.9289215687500001 0.41299019609375 0.05065359375 0.061274510937499915
2 0.9356289499999999 0.48039215703125 0.11635594062499999 0.06372548906249997
2 0.6928104578125001 0.10416666640625 0.14379084999999991 0.09558823593749999
4 0.41911764765625004 0.14215686328125 0.1552287578125 0.1127450984375
2 0.18627451015625002 0.23529411796875 0.1470588234375 0.17156862656250002
