2 0.070572278125 0.5711807921875001 0.06494076562500001 0.09425471874999991
2 0.1198294875 0.33162292109375 0.06831707812499999 0.053637839062500026
2 0.09837869140625 0.23429831953125002 0.05310912968749999 0.034226582812500045
2 0.24357744999999997 0.2468309234375 0.04528740625000002 0.06982320312499996
2 0.29373122890625 0.28093732265625004 0.028802029687500008 0.08642272968750003
2 0.30901858203125 0.34999368984375 0.05898053593750002 0.05611722343750003
2 0.39015012812500005 0.33791082031249997 0.04078735625000002 0.03993694062500003
2 0.36647488203125 0.65397363046875 0.05746571718749993 0.08472542656249993
2 0.249092765625 0.47396087421875 0.05305960312500002 0.057129507812500036
2 0.29740981093749996 0.44927374765625 0.039267421874999986 0.08744517656249995
2 0.41941067421875 0.58249911328125 0.06788158281250006 0.0727218328125
2 0.45155484140625 0.8132510789062499 0.0902776609375 0.04717080781249994
2 0.4416214390625 0.72682580859375 0.08040145625000006 0.06846332656249998
2 0.5034659484375 0.7932033328125 0.07037667499999994 0.0736573812500001
2 0.6238256234374999 0.8848353617187499 0.08113410312500002 0.06275805156250003
2 0.7215535671875 0.75474111484375 0.03247038125000001 0.05185363906250007
2 0.81961365703125 0.8656540539062498 0.07717371718749999 0.07987388281249996
2 0.85509403046875 0.85007697421875 0.07878758593750002 0.07153067031249993
2 0.8200243898437499 0.7674808007812499 0.04855955468749995 0.0703293453124999
2 0.7824374515625 0.7105558335937501 0.02914870624999999 0.060370645312500026
2 0.93565092109375 0.6261063453125 0.06377262343750001 0.060544440625000084
2 0.8403856328125 0.6429973109375 0.06660927500000002 0.04887827500000008
2 0.7891328843750001 0.635712371875 0.052233021874999896 0.07535976562500002
2 0.800108059375 0.5694268265625 0.05472811562499991 0.08004259687499993
2 0.8330933406250001 0.55452968515625 0.053114243749999956 0.07953137343750005
2 0.7423998320312499 0.56601443359375 0.0695893890625 0.047165726562499954
2 0.66689206796875 0.5884854109375 0.05257458281249994 0.06812081875000009
2 0.60857500703125 0.6161095328125 0.07189149531250005 0.0632692749999999
1 0.57016148515625 0.6250023359375001 0.044648692187500005 0.03184425937500002
2 0.5008863382812501 0.60255956328125 0.040881292187499974 0.08250673593750002
2 0.41567315078125 0.653255325 0.04299041406249998 0.08072253437499999
2 0.45873529453124995 0.6783360335937499 0.035599070312499925 0.07092746718749998
2 0.4510493578125 0.54950714140625 0.066802259375 0.0455502390625
2 0.51848265859375 0.4335022921875 0.03178726093750006 0.07884635312500005
2 0.55154478515625 0.48680778515625 0.04450523281250007 0.06760959531249999
2 0.574921134375 0.48791713046875 0.03325767187499995 0.06215992968750006
2 0.52422257890625 0.34026493984375006 0.0660696140625 0.03201805468750002
