2 0.6819172109375 0.87254901953125 0.47494553437500003 0.15359477031250002
2 0.42156862734375 0.8202614375 0.48148148281250003 0.10784313749999996
2 0.12745098046875 0.6830065359374999 0.2374727671875 0.10784313750000007
2 0.3801742921875 0.56535947734375 0.20261437812500005 0.05228758281250001
2 0.5459535203125 0.63654050625 0.26579520624999997 0.14379085000000003
2 0.53921568671875 0.59803921640625 0.04139433593749997 0.01307189531249997
2 0.41612200390625 0.6372549023437499 0.13943355156250004 0.05882352968750004
2 0.6543743007812499 0.7533479359374999 0.3355119828124999 0.08986928125000004
2 0.954248365625 0.6160130718749999 0.09150326875000003 0.09150326875000003
2 0.03703703671875 0.60947712421875 0.0740740734375 0.03921568593749991
0 0.7450980390625 0.6446078429687501 0.4618736375000001 0.19444444531249994
0 0.3899782140625 0.6772875820312501 0.32244008749999997 0.0735294109375001
