2 0.8883171367187499 0.352455321875 0.13363940156249987 0.47698332812500005
2 0.80626630859375 0.6056895125 0.11966636406250009 0.48121582500000004
2 0.6544388390625 0.8844155312499999 0.10905905312499997 0.2311689375
2 0.5560913796875 0.62599186171875 0.05550648437499994 0.2039795390625001
2 0.63930709765625 0.46640645859375 0.1626927921875 0.2545301578125
2 0.6011789609375 0.46976304375 0.01644002499999997 0.04066717187499991
2 0.6296120390625 0.5968030703125 0.05935921562500013 0.13918778750000005
2 0.76501081875 0.37043003750000003 0.10723992812500016 0.334092846875
2 0.6561113695312499 0.0575913921875 0.09533247031250003 0.09058542500000001
2 0.569849940625 0.96685214921875 0.04096527500000002 0.06629570156250009
0 0.6654866609375001 0.26644427812500004 0.2158656 0.45456202500000004
0 0.6622493265625 0.62462751640625 0.09180293125000005 0.31565906406249994
