4 0.5227600000000001 0.8145795804687499 0.06956315937500002 0.11254813906249994
4 0.5810239164062501 0.668212753125 0.0807728109375 0.12366648125000002
1 0.5321037390625 0.63622781953125 0.05395359374999997 0.06336950468750002
3 0.68561976484375 0.87160839609375 0.17064490468750004 0.2189919640625
4 0.55827963125 0.4809173265625 0.07964964062500002 0.05300910937499992
4 0.60824123984375 0.3722725609375 0.05608752968749986 0.07491345625000001
1 0.5710360937500001 0.31993402109375 0.06743708437499996 0.05769079843749997
4 0.5751444148437501 0.21957413828125 0.08645937343749999 0.1540947828125
3 0.56540376953125 0.1308765140625 0.1064767109375 0.120381390625
4 0.71414458125 0.26110899453125 0.08050085625000003 0.060390248437500016
4 0.648927096875 0.42153267890625 0.06928334999999997 0.0601511796875
4 0.85629216953125 0.91827681640625 0.11699076406249986 0.11092719218749991
