0 0.42238562109375 0.6383561648437499 0.14869281093750003 0.16986301406250004
0 0.78267973828125 0.27260273984375 0.43464052343750004 0.5452054796875
2 0.7728758164062499 0.46027397265625003 0.17320261406249993 0.27945205468749995
2 0.8513071898437499 0.43013698593750005 0.06535947656249996 0.17534246562500005
2 0.67238562109375 0.49863013671875 0.07026143906250004 0.12054794531249996
2 0.5228758171875 0.6082191781249999 0.09803921562500006 0.15342465625
2 0.5939542484375 0.5684931507812501 0.05392156875000009 0.10684931406249998
2 0.50980392109375 0.7219178078124999 0.07516339843750008 0.10136986250000002
2 0.6070261445312499 0.64931506796875 0.06699346406249995 0.1205479453124999
2 0.545751634375 0.6369863015625 0.05555555624999997 0.123287671875
0 0.52941176484375 0.30958904140625004 0.14052287656249995 0.2630136984375
