1 0.61608659375 0.19600461328124996 0.08085491562499991 0.1022708640625
1 0.5632952765625 0.26117981328125006 0.07472023124999994 0.07759638593750001
1 0.74398105859375 0.33174678125 0.1253453109375 0.09008760312500003
1 0.8051230234375 0.5380235890625 0.14002956562500002 0.11521908124999991
1 0.5747271953124999 0.3273484765625 0.091113209375 0.07496571250000006
1 0.56976265234375 0.474765721875 0.040339932812500034 0.06417231249999994
1 0.59695200078125 0.4583051484375 0.07261466406250006 0.07024531249999999
1 0.621770225 0.4243485640625 0.07173344999999998 0.07946210312500007
1 0.63959940390625 0.3851865203125 0.08148051718749993 0.06901392187500005
1 0.70151865 0.3795332640625 0.08503223125000003 0.09407087812499992
1 0.6753482671875 0.4865198140625 0.08207926875000005 0.07674747812499993
1 0.76689163671875 0.66029992890625 0.11773066093749995 0.07869714218750001
1 0.7348993703125 0.7022885999999999 0.08466224062499994 0.09037670937499998
1 0.6292396578124999 0.74956667890625 0.07363711250000005 0.07270809218750007
1 0.6919630390625 0.60407575546875 0.09633982500000005 0.07453654531249998
1 0.653725190625 0.5413307843749999 0.08633714375000001 0.05750225000000009
1 0.74743479921875 0.5763180921875 0.10568308593750009 0.0998080843750001
1 0.7050633984374999 0.5214278859375001 0.07156536250000001 0.06859418125000005
1 0.59716036875 0.54844864453125 0.07997370000000004 0.06961098593749993
