4 0.8047385625000001 0.5759803921875 0.11601307187499998 0.058823528125000024
4 0.652777778125 0.6078431375 0.12581699375 0.06372549062499999
1 0.6299019609375 0.55269607890625 0.06045751562500001 0.05637254843749995
3 0.83088235234375 0.74754901953125 0.2271241828124999 0.17156862656250016
4 0.4689542484375 0.55269607890625 0.05555555625000008 0.07598039218750008
4 0.35539215703125004 0.5821078429687501 0.06699346406250001 0.061274510937500026
1 0.31045751640624997 0.5379901960937499 0.05555555468750001 0.061274510937500026
4 0.2091503265625 0.53063725546875 0.15032679687499997 0.07598039218749991
3 0.12581699296874999 0.5049019609375 0.12091503281250002 0.09803921562500001
4 0.22712418281250002 0.6678921570312499 0.06209150312500003 0.07598039218750008
4 0.39460784296874996 0.6323529406249999 0.0571895421875 0.0637254906250001
4 0.8521241828125001 0.9252450976562501 0.09967320312499994 0.12009803906249994
