2 0.14651515546875 0.2963924953125 0.17495603593749998 0.20439339999999998
4 0.06584111796875 0.84452938984375 0.1316822359375 0.2556781203124999
5 0.20809768046875 0.748295325 0.1777792171875 0.13164707812499998
4 0.19800672578125 0.60759993515625 0.1473556234375 0.13117306093749992
4 0.32757791484375 0.9095454882812499 0.0724495421875 0.08258807031250004
2 0.3100236453125 0.76480884609375 0.04736270625000005 0.0589007546875
0 0.46595066953125 0.49107907890625 0.1936061703125 0.21453679531249997
0 0.23617065312500002 0.5078576140625 0.12950396562500002 0.15370442812500007
0 0.33364388671875 0.48363352968749995 0.11304964218750002 0.16363236250000002
4 0.28018464374999996 0.27595299453125 0.11404773750000002 0.11990926406249999
4 0.48524039765625 0.21860922187499998 0.06659947968749991 0.0423479125
2 0.3794463015625 0.11873196640625 0.04035566562500004 0.05197797031250001
2 0.11694300234374999 0.5257368921875 0.18021946093749996 0.10907639062500002
4 0.066109990625 0.5734347156249999 0.13221998125 0.09235117812500004
0 0.32512952265624995 0.835833359375 0.048975957812500026 0.08650193125000005
