2 0.30228758203125006 0.8567901234374999 0.2026143796875 0.17777777812499995
4 0.8521241828124999 0.93086419765625 0.25653594687500003 0.1382716046875
5 0.75326797421875 0.7876543210937501 0.13071895468749994 0.17777777656250005
4 0.6127450976562501 0.8 0.13071895468749994 0.1481481468750001
4 0.9125816992187501 0.6654320984375 0.0833333328125 0.07160493749999997
2 0.76797385625 0.68518518515625 0.058823528125000024 0.046913579687500095
0 0.491013071875 0.5345679015625 0.21405228749999994 0.195061728125
0 0.5122549015625 0.76419753125 0.15196078437500005 0.13086419687499984
0 0.4869281046875 0.6666666671875 0.16339869374999993 0.11358024687500001
4 0.28022875859375 0.723456790625 0.11928104531250006 0.11358024687500001
4 0.2189542484375 0.51975308671875 0.04248365937500001 0.06666666718749997
2 0.12091503281250002 0.62716049375 0.052287581250000006 0.03950617187500005
2 0.5326797390625 0.88271604921875 0.10784313750000007 0.18024691406250004
4 0.58169934609375 0.9333333335937499 0.09150326718750001 0.13333333281250004
0 0.8390522874999999 0.6691358023437499 0.08660130624999995 0.04938271718749998
