2 0.40967492968749997 0.89945681875 0.47269702187499996 0.15691769062500005
2 0.64750411640625 0.7812411734375 0.4732669734375 0.1409829562499999
2 0.8925421265625 0.59873747578125 0.21491574687500004 0.1253028234375
2 0.6338464515625 0.5393003203125 0.20293489062499992 0.06369524062499998
2 0.48734956796874995 0.642827265625 0.23386853906249994 0.19291331874999995
2 0.48457856796875 0.60459313203125 0.03886313281249998 0.02155847343750006
2 0.6159119468750001 0.6153587140625 0.13659501249999995 0.05927624375000007
2 0.4099824828125 0.7833589046875 0.3307536875 0.14111025625000018
2 0.083491253125 0.71767376015625 0.087687778125 0.09994001406250008
2 0.96963445 0.504364378125 0.06073109999999993 0.04531825312500004
0 0.28856755546875 0.700140090625 0.43570072968749995 0.2596736687500001
0 0.6459802625 0.6432178718749999 0.299840853125 0.134625446875
