4 0.8016446320312499 0.586398253125 0.11628455156249995 0.05644965624999998
4 0.6493487289062501 0.61242500546875 0.12625357656250003 0.06089242968749997
1 0.6281548375000001 0.55725451640625 0.05965084374999996 0.05787789218750006
3 0.8214854546875 0.75829005546875 0.22792674374999988 0.17522778281249984
4 0.46666363515625 0.55138090859375 0.055863864062499935 0.07496467656250005
4 0.35201596015625003 0.57655488203125 0.0661828109375 0.06209256406250008
1 0.3092471421875 0.5314091414062501 0.05577832500000002 0.06032477968750005
4 0.20885704609375 0.52277761015625 0.1504918359375 0.07599113281250003
3 0.12677200859374999 0.49235340390625004 0.1217822921875 0.09752328906250002
4 0.2210889078125 0.6580385515625 0.06316567187500002 0.07582005624999999
4 0.38958253515624996 0.62859418125 0.05724024218750001 0.06271724062500006
4 0.8372360289062499 0.93758864609375 0.09797949218750002 0.12116538593749993
