2 0.59142075078125 0.10748730000000001 0.22358789218750003 0.149229540625
4 0.5858249023437501 0.24556768125 0.11971117031250011 0.184148540625
2 0.41393373828125 0.05982747734375 0.08247064843750002 0.1133697046875
2 0.46805328359375 0.0890174421875 0.07436479843749999 0.115671175
2 0.8452870492187501 0.02162491640625 0.11103943906250002 0.0432498328125
2 0.42862901875 0.30342835546875 0.06645726249999995 0.11233030156250004
4 0.50765365625 0.47259180312500004 0.06476930312500007 0.13952815312499994
2 0.56422763984375 0.56861730078125 0.12244370468749999 0.09660724531249998
4 0.45155352578124996 0.53082343984375 0.0697653640625 0.08630387031250009
2 0.51248275 0.5835073382812499 0.05870929062500002 0.09738261718749996
2 0.37143331484375 0.57338570625 0.04952980156250003 0.07821131249999991
2 0.38587243359375 0.6320503515625 0.046758517187500015 0.07122416875000015
2 0.36805511562500004 0.51946438046875 0.040132621874999996 0.03944801718749996
4 0.8064355210937499 0.8465017406249999 0.23213369218750002 0.21351584687500003
2 0.51054804296875 0.7926138640625 0.12536486718750006 0.1260652
2 0.51277994765625 0.9275798843749999 0.09173732343749996 0.14484023125000012
2 0.44799611328125 0.8815246015625 0.0887870984375001 0.1214622593750001
4 0.40774011484375 0.93476956875 0.07125500781249994 0.06326362812500008
4 0.56298931875 0.8722645867187501 0.05284759062500011 0.07834332968750002
2 0.63489254921875 0.64277397265625 0.0904072453125 0.12373908906250008
4 0.8784420296875 0.661573378125 0.24311594062499997 0.28238935625000006
