2 0.2116013078125 0.572303921875 0.05392156875000004 0.03676470625000006
2 0.18872548984374998 0.9607843140625 0.050653595312499994 0.07843137187500004
2 0.38807189531249997 0.93504901953125 0.05392156875000004 0.05147058906250013
2 0.35866013046875 0.87132352890625 0.04738562031250004 0.07598039218749986
2 0.3954248359375 0.8872549015625 0.02614379062499994 0.05392156874999987
2 0.37745098046875003 0.82965686328125 0.026143792187500015 0.08578431406250009
2 0.4060457515625 0.74877451015625 0.024509803125000063 0.05637254843750006
2 0.34068627421875 0.7009803921875 0.0571895421875 0.05392156874999998
2 0.47630718984375 0.9375 0.07352941093749998 0.06127450937500001
2 0.8676470593750001 0.8174019609375001 0.07189542500000001 0.0514705875
2 0.85702614375 0.7046568625 0.07026143750000013 0.036764706249999946
2 0.8839869281249999 0.6446078429687501 0.058823528125000024 0.04901960781249992
2 0.5686274507812501 0.87745098046875 0.0816993453125 0.05882352968750004
2 0.5187908492187501 0.8431372546875 0.04738562031249993 0.08823529374999994
2 0.419117646875 0.875 0.03431372499999996 0.08823529374999994
2 0.50163398671875 0.784313725 0.03921568593749997 0.05392156875000009
2 0.46977124140625004 0.65686274453125 0.05065359531250008 0.04901960781250014
2 0.41584967265625 0.660539215625 0.05718954218749994 0.05637255000000008
2 0.50653594765625 0.6151960781249999 0.04901960781249998 0.03431372499999996
2 0.60620915 0.6568627453125 0.04248365937499998 0.06862744999999992
2 0.5514705882812501 0.6666666664062499 0.04738562031249993 0.07843137343750006
4 0.6127450984375 0.74877451015625 0.03594771249999995 0.05147058906250013
2 0.73447712421875 0.68627451015625 0.0310457515625 0.05882352968750004
2 0.65931372578125 0.73039215625 0.02450980468749997 0.05392156874999987
2 0.72058823515625 0.6654411765624999 0.0424836609375 0.056372549999999966
2 0.7933006539062499 0.671568628125 0.06045751718749992 0.04411764687499986
2 0.72058823515625 0.61764705859375 0.03267973906249999 0.05882352968749993
2 0.7900326796875 0.56862745078125 0.03758170000000005 0.04901960781250003
2 0.5596405234374999 0.6053921570312499 0.02777777812500004 0.05882352968750004
