0 0.39822756796875003 0.6190638945312499 0.15443016406250004 0.17438038593750005
0 0.77869028671875 0.32502046640625004 0.4426194265625 0.4773506390625
2 0.77688119375 0.51804601640625 0.2161266500000001 0.2451481828125
2 0.8604424601562499 0.5040250828125 0.08897783593749986 0.16267796249999994
2 0.66833377109375 0.53653940703125 0.0903716578124999 0.11961230781249999
2 0.49788222031249996 0.6087419921875 0.12380825624999997 0.1334254343750001
2 0.5775500124999999 0.5841525234375 0.06834418750000004 0.09941852500000004
2 0.46167786796875 0.71861610625 0.07624171406250008 0.10564740625000002
2 0.5744421578125 0.66830416171875 0.07304515312500004 0.12233010781249998
2 0.5186045734375 0.645203746875 0.06457800625000004 0.116516840625
0 0.5656201882812499 0.31816640234375004 0.18666069218749998 0.23144712031249998
