0 0.3762777 0.59528904375 0.17258419999999997 0.15197854062499994
0 0.6899314171875 0.22018698203125 0.494333834375 0.4403739640625
2 0.49642194531250006 0.22298345546875 0.25479575000000004 0.20621438281249999
2 0.51455755625 0.13934008984375001 0.16653779999999996 0.08134352343749998
2 0.47285227500000004 0.32995102578125 0.12034185937500008 0.0856827328125
2 0.390940478125 0.49583508750000005 0.13901076250000005 0.11783298125000008
2 0.41944171406249997 0.41758906640625004 0.10169964375000001 0.06417335468750002
2 0.27999466484375 0.5271886453125 0.10431735781249998 0.07463993437499994
2 0.33578067109375 0.41684261328125 0.12238675468749999 0.07141219531249998
2 0.35626503593750003 0.4746907265625 0.11870245312500005 0.06051702812499998
0 0.6847437289062501 0.44363455234375004 0.24034906093749997 0.17499512343750007
