2 0.9109796554687499 0.643501084375 0.05079616406249998 0.0981125249999999
2 0.904745275 0.40223079453125 0.06323584374999991 0.06061823593749993
2 0.9413104664062499 0.3089370859375 0.04888124843749997 0.03826424687500002
2 0.7959514101562499 0.2951650453125 0.049579345312499856 0.06459086250000001
2 0.74014252890625 0.32046998515625 0.024050370312500124 0.08754370781250004
2 0.7127592375 0.38511788203125 0.06278014375000007 0.04720759531250007
2 0.6365189359375001 0.35991713203125 0.042869868750000095 0.0348806015625
2 0.60567667265625 0.6757054687499999 0.06485019218749999 0.07694637187499997
2 0.7521289296875 0.5181823 0.04689846249999996 0.06314637187500005
2 0.70692965078125 0.48481748125 0.030430189062500057 0.087657775
2 0.56446478203125 0.59494769375 0.07447809531249994 0.06166348750000006
2 0.49297783046875 0.81651552109375 0.08826548593750005 0.04829124218750014
2 0.5187928328125 0.732906603125 0.08578336875000003 0.059220903124999946
2 0.44599210624999996 0.78898625390625 0.07924841562500001 0.06436272656249997
2 0.3115553390625 0.85665145625 0.0840187375 0.05410759687500011
2 0.238051671875 0.7116828601562499 0.026008915625000018 0.052834207812500034
2 0.12384029140625 0.80589349375 0.08260315468750001 0.06919086250000006
2 0.08895489374999999 0.7827980632812501 0.08428052499999998 0.05873611406250012
2 0.13762041171875 0.70744370390625 0.040276248437499995 0.07283116093750008
2 0.1851200140625 0.6583638632812501 0.03346011874999999 0.05737717343750004
2 0.04806296484375 0.5483564812499999 0.06600398906249999 0.05177907812499993
2 0.13907235625 0.5825197765625 0.069096940625 0.0419231874999999
2 0.19130834218749998 0.583446578125 0.05990534687499996 0.06689086249999998
2 0.19164769609375 0.51587130859375 0.06476292968749997 0.07189010156249998
2 0.161772590625 0.49534678984375 0.063129190625 0.07174751718749994
2 0.25041863515624996 0.52310419296875 0.06301768906249999 0.055904167187499965
2 0.32173590625000004 0.558160834375 0.05805345312500004 0.06203420937499993
2 0.37433063671875 0.5951610140625 0.07554462968749998 0.05444979999999999
1 0.4089978796875 0.6121784984375 0.041017974999999984 0.033150940625000014
2 0.4819610101562499 0.6009494085937499 0.03223845156249999 0.08277260468750003
2 0.55686086953125 0.6661298078125 0.0516493953124999 0.07461785624999995
2 0.5097757625 0.6826860820312499 0.02609617812499998 0.07036006093750002
2 0.5400144625 0.55814713359375 0.061732996875 0.050904929687499934
2 0.4930311625 0.43118917890624997 0.03367827499999998 0.07740264531250002
2 0.45135872031249996 0.47788346796875003 0.049841131250000004 0.06223382656250004
2 0.42850820390625 0.47495609375 0.04008233593749999 0.05717755624999998
2 0.50451338515625 0.341473796875 0.06561130781250002 0.033065390625000024
