3 0.3045253875 0.5426178187499999 0.12317760625000002 0.04161455312499995
3 0.1780301921875 0.51781860703125 0.16863103437500002 0.0779382796875
3 0.504131475 0.5038969132812501 0.07706722187499992 0.054841617187500025
3 0.73003007890625 0.5077572406249999 0.13619975781250004 0.04656015312500006
3 0.7830859062500001 0.5473500421874999 0.11741836250000004 0.055005634374999945
3 0.961168415625 0.5759470125 0.07766316875000001 0.04039775937500001
3 0.9204936781249999 0.5206736984375 0.08933754375000014 0.05264504687499999
3 0.5102558335937499 0.6933719859375 0.22882206406249994 0.12643179062499998
3 0.2419149390625 0.8931184554687499 0.21442755312499998 0.16151142968749987
3 0.30789401875 0.47868986718749995 0.16647041875000002 0.07122334062499996
3 0.6330647242187499 0.573566740625 0.08301622656249996 0.05205379375000008
