2 0.33088235312500003 0.910539215625 0.08986928124999999 0.1789215687500001
2 0.07271241875 0.8700980390625 0.10620915 0.13725490312499988
2 0.21568627421874997 0.80882352890625 0.1013071890625 0.13725490156249998
3 0.6045751632812499 0.768382353125 0.1764705890624999 0.14460784375000002
2 0.580882353125 0.6274509796875 0.08333333437500001 0.05392156875000009
2 0.13316993437500002 0.7328431375 0.08986928125000002 0.11764705937499997
2 0.1544117640625 0.68627451015625 0.17810457500000001 0.0931372546875
2 0.2352941171875 0.64215686328125 0.11764705937500003 0.0931372546875
2 0.258986928125 0.57107843125 0.08006535937499998 0.08823529374999994
2 0.2998366015625 0.625 0.08986928124999999 0.05392156875000009
2 0.013888889062500001 0.84191176484375 0.027777778125000003 0.1544117640625
