1 0.71354225703125 0.7518716515625 0.09700289218750002 0.10023230000000005
1 0.63991646953125 0.7026862796875 0.0811670390625 0.07424895937499998
1 0.79008797578125 0.5694461515625 0.1259271328125 0.092794490625
1 0.7778280609374999 0.35336396875000003 0.11887964687500008 0.14082457812500004
1 0.6283335484375 0.63655934375 0.10170885624999992 0.06203040000000004
1 0.56955484296875 0.5006731867187499 0.0348480484375 0.06882389531249994
1 0.6025646625 0.50713349765625 0.06314872812500005 0.0731692671875
1 0.6377715734375 0.5340521609375 0.061560559375000046 0.08285081250000004
1 0.6724198234375001 0.5584626820312499 0.07898458124999996 0.07270274218750006
1 0.7247211695312501 0.546128625 0.08503183281250004 0.09929925000000006
1 0.6680192890625001 0.45544452734374996 0.09482043750000002 0.07010797656250006
1 0.6962811718749999 0.2575613890625 0.11102661562500005 0.09206583125000001
1 0.6474825828125 0.23367514218750002 0.08680834062499998 0.09609131875000002
1 0.5346794593749999 0.2203879171875 0.055078087499999984 0.07938074375000004
1 0.6468182890625 0.3353514671875 0.10130290937499986 0.081713371875
1 0.6277297374999999 0.40841854140625 0.07452550312499995 0.07468433906250005
1 0.7070082882812501 0.34340244374999995 0.08465515781249999 0.10603499687500001
1 0.6854725867187501 0.41171536640625 0.07854936093749998 0.05975552031249998
1 0.57299587890625 0.41961515703124996 0.07003714843749997 0.07136091406249995
