1 0.21486928125 0.6625916875 0.09967320312500003 0.08801955937500006
1 0.27450980390625 0.5990220046875 0.07516339843750003 0.07823960937499996
1 0.37581699296875004 0.7677261617187501 0.08496732031250004 0.12224938906250005
1 0.5882352945312501 0.79584352109375 0.12745097968749997 0.12958435156249992
1 0.34068627421875 0.60024449921875 0.06699346406250001 0.09535452343749995
1 0.48529411796875 0.5721271390625 0.06535947656250002 0.03422982812499997
1 0.473856209375 0.60146699296875 0.07189542500000001 0.06845965781249996
1 0.44199346406250006 0.63325183359375 0.08006535937499998 0.06356968281249997
1 0.40931372499999996 0.6564792171875 0.07026143749999997 0.08068459687500007
1 0.41094771249999995 0.71515892421875 0.09640522812500002 0.08557457343749997
1 0.5130718953125 0.67481662578125 0.07189542500000001 0.08801956093750007
1 0.7001633984375 0.7383863078125 0.08333333437500001 0.11246943749999994
1 0.73447712421875 0.698044009375 0.0931372546875 0.08557457187500006
1 0.76797385625 0.58801956015625 0.0751634000000001 0.06601467031249997
1 0.6339869281249999 0.67481662578125 0.07516339999999999 0.09779951093750006
1 0.56454248359375 0.644254278125 0.06372548906249997 0.08068459687500007
1 0.61356209140625 0.73227383828125 0.09967320156249992 0.09535452343749995
1 0.553104575 0.69926650390625 0.06372549062499999 0.07334963281250007
1 0.56372548984375 0.58801956015625 0.06862745156249994 0.07579462031249995
