2 0.07870944453124999 0.6142795414062501 0.15741888906249998 0.09769536406250001
2 0.07939256171874999 0.8775055421875 0.13443962968749998 0.11198886874999991
2 0.15863013515625 0.7441103242187501 0.1286647734375 0.11339613281250005
3 0.24230196796875 0.35991235078124995 0.14647383593750002 0.17605130156249998
2 0.38016997265625 0.4040388140625 0.056506639062500086 0.08659527187499999
2 0.224087534375 0.83586867890625 0.11756666875000002 0.09129030468749999
2 0.2696203046875 0.81962852734375 0.08107600000000001 0.17933699531250014
2 0.32604582109375 0.7466030390625 0.08567250468750004 0.120951928125
2 0.40107493671875005 0.7311517140625001 0.0905645953125 0.07827376562499999
2 0.3531310125 0.68403514140625 0.05332051250000003 0.0909916046875
2 0.10089691953124999 0.9468152140625 0.1556503984375 0.03379925937500006
