3 0.30147058828125 0.525125628125 0.12254902031249995 0.040201006250000004
3 0.17647058828125 0.48743718593749996 0.16993463906249998 0.07537688437499995
3 0.50245098046875 0.5050251257812499 0.07679738593749996 0.055276382812499913
3 0.7279411765624999 0.5276381906250001 0.135620915625 0.055276381250000006
3 0.776143790625 0.5741206031249999 0.11764705937500008 0.05778894374999999
3 0.95669934609375 0.61809045234375 0.08660130781250008 0.04522612968749995
3 0.91748366015625 0.5552763820312501 0.08660130781250008 0.055276382812500024
3 0.491830065625 0.69346733671875 0.22222222187500001 0.13567839218749989
3 0.20751633984374998 0.8664771773437501 0.21568627343749996 0.16151800781250014
3 0.31045751640624997 0.4623115578125 0.16666666718749998 0.07035175937499999
3 0.625 0.5854271359375 0.08333333437500001 0.05025125624999993
