3 0.4972474515625 0.700212225 0.044892790624999956 0.11907498125000004
3 0.4331465265625 0.8209219078125001 0.06933663125 0.17059382187499994
3 0.5089252421875 0.5009201328124999 0.05894124062500006 0.07545883125000008
3 0.5633391921875 0.27899219765625 0.07095499687499995 0.13434424843750004
3 0.6207518632812501 0.24160237421874997 0.061678479687499954 0.11580557656249998
3 0.6903805875 0.067986375 0.05361573749999993 0.08514205
3 0.6163261046875 0.09805128671875 0.05894124062500006 0.0843142828125
3 0.69146885078125 0.54108566796875 0.1613584359375 0.2061225484375
3 0.811644159375 0.84862651640625 0.15843808125000014 0.2138169203125
3 0.43413096406249996 0.6813131296874999 0.068431021875 0.1638286218749999
3 0.60265163515625 0.3918679625 0.05091063906250004 0.08230736249999993
