2 0.13888888828125 0.6805896812500001 0.1111111109375 0.24078624062499998
4 0.2704248359375 0.6388206390625 0.178104575 0.12776412812500004
2 0.0571895421875 0.51842751875 0.114379084375 0.06879606875000005
2 0.09068627421875 0.5626535625 0.1192810453125 0.05896805937499994
2 0.06454248359375 0.9447174445312501 0.1290849671875 0.11056511093749999
2 0.027777778125000003 0.746928746875 0.055555556250000006 0.17199017187499988
2 0.29166666640624994 0.47297297265625 0.10947712343749999 0.06633906718750004
4 0.47467320234375 0.51474201484375 0.1356209140625 0.07616707656250005
2 0.5841503273437499 0.54791154765625 0.0931372546875 0.12285012343749996
4 0.5204248367187501 0.44963145000000004 0.08660130781249997 0.06879606874999994
2 0.5833333328124999 0.48648648671875 0.09803921562499995 0.05405405468750002
2 0.5433006539062499 0.35626535625 0.07679738593750007 0.04914004999999999
2 0.6037581703124999 0.3624078625 0.07026143750000002 0.041769040624999976
2 0.491013071875 0.3673218671875 0.03758170000000005 0.036855037499999965
4 0.8978758171875 0.72113022109375 0.20424836562500004 0.19410319531249998
2 0.78839869296875 0.44348894375000003 0.1356209140625 0.10565110625000002
2 0.92728758203125 0.41031941015625 0.1454248359375001 0.10810810781250002
2 0.85947712421875 0.3636363640625 0.11437908593749979 0.10319410312500005
4 0.90359477109375 0.3120393125 0.06535947656249996 0.06879606875
4 0.87745098046875 0.47542997578125 0.07516339843749986 0.05159705156249994
2 0.669117646875 0.59090909140625 0.11928104687499996 0.08599508593749994
4 0.7532679734375 0.8550368546875 0.2516339875 0.28992629062499997
