2 0.11203590703124999 0.2736409703125 0.18634976406249998 0.08433398749999999
2 0.18592867031250002 0.0414735859375 0.138024021875 0.082947171875
2 0.22832665468750002 0.17950783125 0.14379887500000002 0.08967057500000003
3 0.22037578984375 0.56748266328125 0.1497030796875 0.17430118281249996
2 0.36649447578125005 0.5632536046875 0.05398769531249997 0.08510177500000005
2 0.31479257656250004 0.10767713984375 0.11816406562499998 0.0871085140625
2 0.36031712265625004 0.1330917765625 0.10439099843750005 0.17856920625
2 0.38996748671875003 0.22083872890625 0.10279793593750003 0.11557533906250003
2 0.45872391484374997 0.25175826640625 0.08638280468749993 0.08292464531250004
2 0.39972811484375004 0.28624427109375 0.05571010781250002 0.08830331093749999
