2 0.37430721953125 0.7683684195312499 0.043260160937500014 0.05152787031250006
2 0.01362523359375 0.7225713960937501 0.0272504671875 0.043927239062499956
2 0.05143127734375 0.5280295765625 0.047407135937500004 0.05854290625000008
2 0.106703278125 0.56835885703125 0.069372453125 0.06007741718750004
2 0.09959440078125001 0.5294636085937501 0.054177995312500005 0.02893713906250006
2 0.1537958546875 0.5574288296875001 0.08576711250000003 0.028600974999999917
2 0.2381364984375 0.54499346484375 0.053866215624999964 0.03154219531249991
2 0.2716901328125 0.6175701484375 0.06197248124999999 0.048656103125000016
2 0.062075919531249996 0.43850891875000003 0.059613451562499996 0.0738481875
2 0.25639751718750003 0.07877833828125 0.046783574999999994 0.0752511953125
2 0.36796236562499995 0.11085025078125 0.04366022812499998 0.06736657031250001
2 0.43069361171875 0.09383867421875 0.05809592031249994 0.053533751562499995
2 0.14195503359375 0.36131388984375 0.07083751093750001 0.07973062968749994
2 0.16842325 0.41724988984375 0.08982024374999999 0.043241329687499996
2 0.11583316640625001 0.5066737710937501 0.08754950156249999 0.04256899843750006
2 0.22044225 0.445315590625 0.05698400937500003 0.03522150000000002
2 0.33993956796874997 0.4988072109375 0.0565370234375 0.04691693124999996
2 0.3260419234375 0.55103658359375 0.065625546875 0.05005911093749993
2 0.38832340546875 0.47253902656249996 0.04210132968750008 0.04531296562499998
2 0.365505478125 0.365109884375 0.06643123124999994 0.047782812499999994
2 0.34559296171875 0.41637104375 0.08353773593750002 0.037896012500000076
4 0.2771530671875 0.34326093984375 0.05146026874999998 0.0423022890625
2 0.3615764421875 0.23522336718749998 0.06179590937500001 0.028604678125000005
2 0.3036157296875 0.29941858593750004 0.05324265625000002 0.03294520312499999
2 0.37937688437499995 0.25283226484375 0.06157241562499999 0.03842943281250005
2 0.3870803046875 0.17808161484375 0.053284021874999976 0.054936760937499995
2 0.4269164484375 0.26051592968750004 0.06148412812500004 0.03120973437500002
2 0.48703893515624996 0.20230178203125002 0.05279567031250004 0.033884245312500005
2 0.408235921875 0.42101115625 0.06054879062500007 0.02379278124999995
