0 0.32435298984375005 0.8476822710937499 0.054526020312500034 0.10998480156250001
0 0.3174640109375 0.95957859921875 0.05408349687499997 0.0808428015624999
0 0.45225525624999996 0.8170589515625 0.1801018875 0.36588209687499995
2 0.26935595859375 0.33707731015625 0.1102157828125 0.044771707812500006
4 0.30222677109375 0.554502415625 0.08049388281250003 0.06532749375000002
4 0.23402246796875 0.48693172812499996 0.09668459218749997 0.0762737375
4 0.21651173750000002 0.43772229296875 0.04588340625000001 0.05317087343749999
1 0.26823169375 0.37292232578125006 0.04959850937499999 0.03185199531249999
3 0.24378394140624998 0.21585946171874998 0.0716652421875 0.05724413281249999
2 0.043004021875 0.18156109140625 0.06439078124999999 0.12863027968750002
2 0.18893507890625 0.19697326015625 0.07342491406250001 0.0938351609375
2 0.10606558593750001 0.23180592109375 0.06969034375000001 0.0813798140625
2 0.2608982875 0.15039114453125002 0.05325520625000002 0.0703533296875
