0 0.81640625 0.73042505625 0.10781250000000009 0.06040268437500007
0 0.94296875 0.7539149890625 0.11406249999999996 0.0492170031250001
0 0.80859375 0.600671140625 0.3828125 0.17673378124999994
2 0.30234375 0.70246085 0.0546875 0.10738255000000008
4 0.521875 0.70357941875 0.07499999999999996 0.07382550312500002
4 0.4453125 0.7617449664062499 0.08750000000000002 0.0872483234375
4 0.3953125 0.76957494375 0.05312499999999998 0.04026845624999997
1 0.3375 0.70805369140625 0.03437499999999999 0.05145413906250007
3 0.178125 0.7091722593750001 0.05937500000000001 0.06711409374999999
2 0.11328125 0.9015659953124999 0.12031249999999999 0.08053691250000006
2 0.153125 0.75838926171875 0.0875 0.08053691406250008
2 0.17265625 0.84563758359375 0.0859375 0.06263982031249993
2 0.1171875 0.68008948515625 0.07187500000000001 0.049217001562499973
