0 0.68197275703125 0.844617603125 0.05524823281249991 0.10987676874999996
0 0.69063203984375 0.95798148671875 0.05328779843749998 0.0840370265624999
0 0.5539572984375 0.81619643671875 0.17794940937499998 0.36760712656249994
2 0.72778148984375 0.33291618125 0.11003429531249997 0.04575830937500003
4 0.69866251484375 0.550928940625 0.07984823593750001 0.06648637499999999
4 0.76583015 0.4822725734375 0.09574992187499998 0.07761932812500005
4 0.7822822453125 0.43291484453124995 0.0453130156249999 0.0532306890625
1 0.7294056585937501 0.36881528906249994 0.04986610156250004 0.03217236875000001
3 0.7512805773437501 0.21130266484375 0.07124502031250002 0.0575517703125
2 0.9513701007812498 0.17355465390625002 0.06627073906250003 0.1278594046875
2 0.805692903125 0.19168322578125002 0.07405844062500011 0.09318678906250003
2 0.8890273265625 0.22487943828125 0.06898886874999999 0.08198767031250001
2 0.73281008828125 0.1464341890625 0.052869726562499886 0.07026037499999999
