5 0.88388248671875 0.87401365703125 0.23223502656250006 0.21454706718750005
5 0.8534541382812499 0.56762912265625 0.13106514218749987 0.19593464218749995
5 0.93659656015625 0.49877969765624997 0.12680687968749993 0.1545305421875
5 0.93932922265625 0.41346264296875 0.08844034843750015 0.03404958281249998
5 0.7586432406250001 0.5030681984375001 0.100798621875 0.133241565625
5 0.8405271187500001 0.45478234999999995 0.07729280312500009 0.093508946875
5 0.75345412421875 0.59003023828125 0.09520471093750005 0.09484722343749996
5 0.687122946875 0.63098806484375 0.09681290937500009 0.0955147234374999
5 0.53064202109375 0.68147496796875 0.19779928281249992 0.18021944843750004
5 0.14827041015625 0.8453344015625001 0.2565436921875 0.177934546875
5 0.14839541015625002 0.6746423945312501 0.1439939921875 0.19331544218749996
5 0.31612141953125 0.6816107140625001 0.23922067031249997 0.3474554281250001
5 0.33227948281249997 0.462883309375 0.20497576249999996 0.13201472187500002
5 0.49451094843750004 0.5549463664062501 0.19360018750000008 0.21092497968749996
5 0.59302593359375 0.47754371249999994 0.12289131718750013 0.11396054687499996
5 0.6788735546875 0.5214848000000001 0.06273012187500004 0.13084632187500006
5 0.6279719109374999 0.5470071039062501 0.07490430312499996 0.0675398265624999
