5 0.18924081484375 0.90811900859375 0.2274299515625 0.1837619828125
5 0.49595119140625005 0.8609021625 0.19725247968750004 0.13244180937499994
5 0.57909316953125 0.92988418046875 0.1537362109375 0.14023163906250002
5 0.660269678125 0.9201291804687499 0.036086621875 0.08800657031249992
5 0.539004334375 0.76195357578125 0.14294680937500004 0.09265654843749993
5 0.6028844531249999 0.8284254546875 0.09883516250000002 0.07405663124999995
5 0.46081501796875 0.76859496171875 0.08780545156249997 0.10351280781249983
5 0.40387542734375004 0.70358100859375 0.10430473281250002 0.08920721406249987
5 0.332325353125 0.565380640625 0.19098220312499994 0.19513392499999999
5 0.11085475859374999 0.21466914609375 0.1844716171875 0.26936838281250003
5 0.26311641953125003 0.187266490625 0.19526101718750002 0.16535047187500004
5 0.2885947703125 0.34941229765625004 0.346856025 0.25577724843750005
5 0.5010652109375 0.33397605703125 0.15287632499999992 0.20633007343750004
5 0.444266859375 0.50681133046875 0.21392929687499995 0.20616170156249997
5 0.54241967265625 0.58800341640625 0.1186314234375 0.13193039843749998
5 0.5070485828125 0.6777362281249999 0.12754771874999998 0.07992617187500006
5 0.47527216250000004 0.63476995078125 0.07820680937499996 0.0731958734375
