5 0.130990415625 0.8945868945312501 0.26198083125 0.21082621093749998
5 0.1525559109375 0.5925925921874999 0.12939297187500004 0.19373219375
5 0.06230031953125 0.528490028125 0.1246006390625 0.15669515624999997
5 0.056709265625 0.44586894609375005 0.087859425 0.03703703593750002
5 0.2444089453125 0.5199430203125 0.10543130937499995 0.128205128125
5 0.15654952109375 0.47863247812500004 0.0798722046875 0.09116809062499998
5 0.25479233203125 0.609686609375 0.0910543140625 0.09686609687499992
5 0.32108626171875 0.64387464375 0.0990415328125 0.09116809062499998
5 0.48402555859374996 0.68660968671875 0.19808306718749996 0.17663817656250003
5 0.8753993609375 0.82478632421875 0.24920127812499993 0.1737891734374999
5 0.8642172523437499 0.6481481484375 0.1341853046875 0.19088319062500014
5 0.69488817890625 0.66809116796875 0.23642172656249993 0.34472934531250005
5 0.6677316296875 0.452991453125 0.20766773124999993 0.13105413124999998
5 0.5079872203125 0.55413105390625 0.19169329062499996 0.20797720781249995
5 0.4057507984375 0.48575498515624993 0.11821086250000001 0.11111111093749998
5 0.321884984375 0.5327635328125 0.055910543749999986 0.13105413124999998
5 0.3761980828125 0.55555555546875 0.078274759375 0.06267806406249998
