5 0.136930653125 0.76793909921875 0.08055710937499999 0.12890538906249993
5 0.19990385078125 0.7563479609375 0.0985616046875 0.18156090000000003
5 0.28452025234375 0.7631647796875001 0.11843743906250001 0.185033884375
5 0.19825225234375 0.6673040031249999 0.0505921546875 0.05302146249999995
5 0.2106761296875 0.6096322437499999 0.04023428437500001 0.08323172812500002
5 0.45917566328125003 0.785503946875 0.1787312359375 0.23963705937500002
5 0.3780325609375 0.64551533671875 0.13210856875 0.21369832343749995
5 0.32712138671875 0.58213824921875 0.07256147968749999 0.11119850468749992
5 0.27823520625 0.61352500546875 0.05508619375000001 0.12968342656249998
5 0.23918766640625 0.6427460609375 0.038990839062500005 0.12930209687499994
5 0.45463434921874996 0.54643632109375 0.1057586828125 0.13007501093750007
5 0.46939235 0.39545932656250005 0.07940879999999995 0.06812403125000005
5 0.36580508515625 0.50323361875 0.07626627656250001 0.08089248437499996
5 0.40648295546875 0.50034288203125 0.08846774843750005 0.09366093281249999
5 0.49999763203125 0.44851667421875 0.09172840781250002 0.11459111093750007
5 0.5049335265625 0.64865825390625 0.10206327499999995 0.0968038484375
5 0.6042583312500001 0.73871705390625 0.160410128125 0.20946267968749988
5 0.653652534375 0.5622082859375 0.11947234687500008 0.10957742812499993
5 0.522975821875 0.5561413125000001 0.0819511656250001 0.12622582187499998
5 0.58610495703125 0.48687841484375 0.11021018906249991 0.07741949843749996
5 0.594429078125 0.43326188749999994 0.09093451250000006 0.067005671875
5 0.6855431640625 0.4807335546875 0.09868447812500003 0.11074192500000007
5 0.70111767109375 0.6830211515625 0.13880263281250005 0.17459955312500008
5 0.8626511742187501 0.70051679375 0.19248270156250002 0.15913615937500003
5 0.89765333515625 0.61032628125 0.1590817015624999 0.1668909249999999
5 0.75762258203125 0.586629390625 0.1267072265625 0.12043409999999988
5 0.77441259609375 0.5357360015625 0.10003599531250007 0.09293928437499993
5 0.750345165625 0.473396003125 0.05023774062499997 0.04492125312500006
5 0.81322149375 0.51039745546875 0.0834633562499999 0.04376700781249998
5 0.9636559046875 0.61034678671875 0.06423021562499998 0.11732193906249999
