5 0.08785942499999999 0.6731843570312499 0.099041534375 0.11731843593750002
5 0.15095846640625 0.6787709500000001 0.1198083078125 0.17877094999999998
5 0.22444089453125 0.7025139664062501 0.12300319531250001 0.1703910609375
5 0.16533546328124998 0.586592178125 0.0591054328125 0.04469273749999991
5 0.19648562343749998 0.53770949765625 0.04472843437499999 0.08100558593750001
5 0.38897763515625 0.7667597765625 0.15495207656249999 0.2374301687499999
5 0.34424920078125 0.61312849140625 0.1389776359375 0.2039106140625
5 0.31789137421875 0.53308794921875 0.07987220468749995 0.10700845781249996
5 0.25399361015625 0.5544692734375 0.06389776406250003 0.12011173124999996
5 0.21884983984375 0.578212290625 0.05111821093750002 0.12290502812500004
5 0.44488817890625 0.5335195531250001 0.10063897656249998 0.12290502812500004
5 0.49680511171874997 0.39106145234375 0.07667731718749998 0.061452514062500074
5 0.369009584375 0.4720670390625 0.08626198125000001 0.07262569687500009
5 0.4065495203125 0.47905027890624996 0.10063897812499994 0.08100558593750001
5 0.51277955234375 0.45251396640625 0.09265175781250001 0.1117318421875001
5 0.47124600625 0.64106145234375 0.09904153437499996 0.10335195468749991
5 0.543130990625 0.7555865921875 0.14376996875000003 0.21508379999999994
5 0.632587859375 0.5991620109375 0.10862619687499997 0.11452514062499997
5 0.5 0.55865921796875 0.08306709375000004 0.1340782109375
5 0.58386581484375 0.5097765367187499 0.10702875468749995 0.06983240156249992
5 0.6046325875 0.45949720703125 0.08466453750000003 0.08100558593749996
5 0.6853035148437501 0.529329609375 0.09265175781250001 0.12011173125000008
5 0.65654952109375 0.7290502796875 0.12779552656249993 0.1787709500000001
5 0.8011182109374999 0.783519553125 0.1709265187500001 0.17039106250000002
5 0.8604213468749999 0.70251396640625 0.145762821875 0.18715083906250007
5 0.734025559375 0.6396648046875 0.10383386562499997 0.13407821249999996
5 0.7579872203125 0.60055865859375 0.09424920000000014 0.1061452515625001
5 0.750798721875 0.53351955234375 0.041533546874999994 0.05027932968749993
5 0.8019169328125 0.58519553046875 0.07348242812500005 0.0530726265625
5 0.9273162937500001 0.7178770953125 0.04313099062500003 0.12290502812500004
