5 0.06299405859375 0.56987491328125 0.11219966718749999 0.10222962343750008
5 0.12010516328125 0.59075895390625 0.13922531093749999 0.1657315546875
5 0.18506547109375 0.6315685843750001 0.13775565468749998 0.16222781249999996
5 0.1523006078125 0.49996568750000003 0.06410734375000002 0.03524958125000005
5 0.19840582265625 0.46180999296875 0.057590757812500004 0.07744000468749995
5 0.33074119296875 0.73332972890625 0.1703055109375 0.23424204531250004
5 0.3183885203125 0.5703495078125 0.150911696875 0.18935154999999992
5 0.312150746875 0.4824558359375 0.09709668437500008 0.09722898125000012
5 0.24778586171875 0.49390896718750005 0.09038162656250001 0.10686710312500003
5 0.21292991562499997 0.50729554921875 0.07003323749999998 0.11499807343749996
5 0.44189415624999995 0.5178359609375001 0.10110870312499998 0.12388657812499992
5 0.52359251328125 0.38791829453125004 0.08048150781250007 0.06464592343750003
5 0.38057255624999997 0.44255991640625 0.09228603124999996 0.0608069859375
5 0.41337995625 0.4593835984375 0.10981324062500009 0.06893795625000004
5 0.5230136226562501 0.45913910703125 0.09896328906249996 0.10724843281249996
5 0.43676215546874997 0.62508183203125 0.09665719843749998 0.10916533906250003
5 0.47582386171875 0.7595882796875 0.1512661078125 0.22338024687500002
5 0.6057728476562501 0.6282923812500001 0.10925561718749999 0.1312190031249999
5 0.47909162421874996 0.55807615859375 0.08608605781249995 0.13782464843749992
5 0.580162528125 0.53132093515625 0.10683139062500002 0.08204672656250006
5 0.6072685085937499 0.48736582500000003 0.08147387968749997 0.093284728125
5 0.6778120984375 0.57502642734375 0.08862842187499997 0.12465948906250002
5 0.603523459375 0.7566411539062501 0.12050251874999995 0.1904647828125
5 0.72257048671875 0.84775423359375 0.1681553578124999 0.18772882968749993
5 0.8018233484374999 0.7817121390624999 0.13349788750000002 0.1982092968750001
5 0.69082163125 0.6859487625 0.09446924687500002 0.14284858749999996
5 0.72633443515625 0.66075730703125 0.0880707984375001 0.11574535468749991
5 0.7324375390625 0.5928111242187499 0.04145286874999998 0.05806077968750001
5 0.773351684375 0.65551194765625 0.06183905312499993 0.06888669531250002
5 0.86382070703125 0.8126568703125 0.04439691718750005 0.12543753125
