1 0.64658146875 0.7510952835937501 0.14203059687499997 0.18276074531250008
1 0.8566685046875 0.48283065859375 0.266725040625 0.11364524218749994
1 0.372509465625 0.5795146375 0.2620544249999999 0.10041648125000002
2 0.32207286328125 0.794759725 0.12467662031250004 0.28455399999999986
2 0.47305017890625 0.83715555390625 0.12736458281250002 0.26765139843749997
2 0.10066581328125 0.55747251171875 0.12427202343750002 0.2276131359375
1 0.110556959375 0.31117576953125003 0.19976068125 0.19525437031249998
1 0.72078116328125 0.17356256406249998 0.20688752031250013 0.15169625937499998
2 0.8533151304687501 0.3015374328125 0.12881785468749996 0.19777142812499995
4 0.919011853125 0.68687639765625 0.151756265625 0.2278917921874999
2 0.7864383625 0.6785580093750001 0.17386224687499996 0.32869691875000007
2 0.5894915953125 0.6098549882812501 0.17029612187499998 0.21674743906250005
2 0.68360303359375 0.54827323984375 0.11097789843749994 0.2640618890625
2 0.45453822890625006 0.6573298476562499 0.22007468593750007 0.10151459843749999
2 0.234467415625 0.50119803359375 0.214722 0.21690143281250007
2 0.44344841874999996 0.49131221015625 0.26150721875 0.11040588281249997
2 0.6180283890625 0.38142788828125 0.15027741875 0.18036834843750005
2 0.15826994687499998 0.3720957125 0.17825538749999997 0.14881621562500003
2 0.28192345859375 0.2473052046875 0.13816683593749995 0.17847643125
2 0.32427601250000004 0.3670725953125 0.200066065625 0.122439359375
2 0.5715791640625001 0.2746820984375 0.2669490375 0.08793752187500006
2 0.48960504687499995 0.33090066250000005 0.18737262187499998 0.087713865625
2 0.45190141093749997 0.418031553125 0.22217204375 0.09686913750000004
