2 0.76700323359375 0.96124957109375 0.11984315781249999 0.07750085781250005
2 0.7865526703125001 0.7568655640624999 0.23616226250000005 0.26139947500000005
2 0.8586011765625 0.4707381515625 0.282797646875 0.2051690937500001
2 0.9801873109375 0.25626600390625 0.039625378125 0.11802523281249996
2 0.84734830625 0.23477505312500002 0.18183934687499992 0.17873311875
2 0.6755036750000001 0.28007162109375 0.12656515312499994 0.06521634843749999
2 0.8314935585937501 0.1312934625 0.09918144843749999 0.09173939374999998
2 0.59243486953125 0.36763586718749997 0.16106825156250004 0.10665815937500006
2 0.5663932703125 0.16473301406250002 0.16761162812499997 0.08903186249999998
2 0.4766907484375 0.33774856171875 0.23084504687499996 0.0750583265625
2 0.47713176874999996 0.24599583046875 0.11325962812500001 0.1030463796875
2 0.5768324828125 0.26571361328125 0.11625888125000006 0.07808267031250002
2 0.5825651101562501 0.2197157609375 0.12841648906250003 0.07928421249999998
2 0.7060758890625 0.49072237734375 0.29257655312499997 0.2174777953125
2 0.69951982265625 0.62274367265625 0.29096982656250003 0.12820589843750008
2 0.64623093203125 0.7335395773437501 0.16152381406250005 0.18549024843750006
2 0.66208863515625 0.9339709234375 0.1738029203124999 0.1320581531249999
2 0.5044331203125 0.882543796875 0.09799338125000001 0.10541563749999994
2 0.51558025703125 0.9811133937500001 0.13028790156249997 0.037773212499999986
2 0.5234522265624999 0.76849748515625 0.16210678437500003 0.15490329843750006
2 0.3533942 0.9003623296875001 0.16600815000000002 0.08149864062500001
2 0.3034874125 0.80983163203125 0.25625902187499994 0.1122937703125001
1 0.18712918359375 0.82327562890625 0.11856577968749998 0.07204113281250002
2 0.2579555734375 0.8730231796875001 0.12674377499999998 0.09842886875000001
2 0.1043755890625 0.8812862976562501 0.208751178125 0.07302018906249985
2 0.018936182031250002 0.82839661171875 0.037872364062500004 0.0831730421875001
2 0.10600655625 0.74696501953125 0.13755477187499998 0.08650777343749994
2 0.23744340078124998 0.6712203875 0.2521610140625 0.18084606250000013
2 0.28061918125 0.513940678125 0.13965396562500001 0.17414943437500008
2 0.4436370890625 0.5877903078125 0.10789325312499998 0.053517737499999996
2 0.49288163671874996 0.517743725 0.1431378640625 0.174371921875
2 0.39343676171874997 0.7505517648437501 0.12722842343750002 0.06245546718750006
2 0.1624096171875 0.5752996609375 0.12381375937499998 0.17993465937499997
2 0.2440318265625 0.38779079687499995 0.12340403124999999 0.1448993375
2 0.38499391640625 0.43813554375 0.1256048703125 0.17963736875000003
4 0.55622894453125 0.45092706015625006 0.08869655156249989 0.05770979843749996
2 0.9064595296875 0.83802950703125 0.09988486562499999 0.16072950468750014
2 0.84843394296875 0.84050382265625 0.07182682656249995 0.11926101718750004
2 0.85565140546875 0.7660052882812499 0.19486743281249996 0.13743377031249993
