3 0.59565869140625 0.5097602375000001 0.1609098671874999 0.1602252125
3 0.34337355859374996 0.83332669375 0.0985823421875 0.16180283750000002
0 0.46237579531250006 0.8977274039062499 0.129616265625 0.1415327703125
3 0.48939913281249997 0.96467263125 0.113561825 0.07065473749999995
3 0.6158905734375 0.9132235015625001 0.13698793750000005 0.13593491562499993
3 0.8129353562500001 0.32009746640625003 0.10072060312499997 0.11277152968749998
3 0.45607747109375 0.40864807109375 0.11333755156250003 0.15805308906250004
3 0.53705779921875 0.29060120234375 0.16685171406250004 0.16366225156249997
3 0.6714656140624999 0.6350838929687501 0.08024803749999998 0.051826085937500044
3 0.6247794906249999 0.7315928882812499 0.115428325 0.14318077968749998
3 0.45379242578125 0.62742966640625 0.0974247109375001 0.10672849218750002
2 0.52891476328125 0.9130489195312501 0.0725694234375 0.061091992187500055
3 0.5383710539062501 0.8408020664062499 0.058145332812500006 0.05101465156249996
3 0.4932130828125 0.48032154140625 0.14151204687499996 0.14404575781249995
3 0.6954412921875 0.7828751289062501 0.15272313125000003 0.17313378593750006
0 0.70239819921875 0.44808782265625 0.054294260937500116 0.036001573437500045
0 0.6467104828125001 0.53666771796875 0.08550454375000005 0.2453116359375
3 0.49042585078125 0.68564656875 0.0826105734375 0.16927418437499997
