2 0.42529296875 0.74937343359375 0.1591796875 0.1453634078124999
2 0.18115234375 0.8220551375 0.2060546875 0.14536340937499992
2 0.05517578125 0.7443609015624999 0.1103515625 0.195488721875
2 0.091796875 0.576441103125 0.134765625 0.155388471875
2 0.3037109375 0.6904761906250001 0.044921875 0.25313283124999997
2 0.25341796875 0.8997493734374999 0.1455078125 0.200501253125
2 0.3828125 0.9072681703125001 0.15625 0.18546365937499998
2 0.548828125 0.90100250625 0.12890625 0.1979949875000001
2 0.56494140625 0.7756892234374999 0.0732421875 0.19298245624999988
2 0.51123046875 0.67794486171875 0.0419921875 0.2581453640625
2 0.501953125 0.54761904765625 0.087890625 0.09273182968749993
2 0.70361328125 0.8195488718749999 0.1982421875 0.18546365937499998
2 0.76806640625 0.56892230546875 0.1083984375 0.10526315781250006
2 0.84033203125 0.4912280703125 0.0478515625 0.1353383468749999
2 0.908203125 0.64411027578125 0.0390625 0.1303258140625001
2 0.771484375 0.6954887210937499 0.099609375 0.10275689218750006
4 0.5771484375 0.47493734296875 0.09765625 0.07268170468750007
2 0.38525390625 0.55513784453125 0.0478515625 0.12280701718749987
2 0.1640625 0.5827067671875 0.056640625 0.20300751875000006
2 0.12109375 0.44360902265624996 0.08203125 0.10526315781249995
2 0.10400390625 0.37218045078125 0.0654296875 0.0626566421875
2 0.12255859375 0.34210526328125 0.0478515625 0.04260651718749997
2 0.09375 0.42105263125000003 0.05859375 0.04511278125000007
2 0.2197265625 0.44110275703124996 0.060546875 0.060150376562499996
2 0.31201171875 0.36215538828125 0.0517578125 0.04761904843749998
2 0.33740234375 0.43984962421874996 0.0283203125 0.06265664218749994
4 0.42431640625 0.5338345867187501 0.0732421875 0.060150376562499996
2 0.47412109375 0.6365914789062499 0.0322265625 0.12030075156249997
4 0.619140625 0.56516290703125 0.09765625 0.06766917343750001
4 0.68701171875 0.3972431078125 0.1064453125 0.13283208125
2 0.9443359375 0.9185463656249999 0.111328125 0.16290726875000006
2 0.3681640625 0.65538847109375 0.08984375 0.09774436093749994
2 0.03857421875 0.5463659148437501 0.0751953125 0.08521303281249992
