2 0.07927051171875 0.8787104578125 0.1462592953125 0.14939730000000007
2 0.30641093515625 0.83307870703125 0.2568855390625 0.20215146093749992
2 0.6260085382812499 0.85728670234375 0.26250247031249996 0.28038761718749994
2 0.877110603125 0.94858229609375 0.17166425000000007 0.09266043593750006
2 0.8409643234375 0.77947155078125 0.18902265000000007 0.15298183281249988
2 0.7518437921875001 0.62321720703125 0.052892725000000085 0.13003006406249995
2 0.9344285031249999 0.73995776953125 0.10077012812499997 0.08364072656249999
2 0.653990084375 0.55851061640625 0.12454004062500001 0.1406582609375
2 0.84230890234375 0.48901707968749997 0.0626179453125002 0.17527253125000003
2 0.65196124140625 0.43839176640625005 0.08458976406249996 0.22676725468750003
2 0.7406661546875 0.42077298124999996 0.10418256874999987 0.09868830624999997
2 0.7451372093749999 0.5232698359375 0.06045933437500006 0.12555439687500008
2 0.7877260390624999 0.5160609054687499 0.06019754687500001 0.13257954843749997
2 0.56071860703125 0.6916076273437499 0.25003044531249996 0.2580348359375
2 0.42277240859375004 0.72398696484375 0.16658460468750003 0.2731131484375
2 0.30804597421875 0.69428750859375 0.18884812343750002 0.13593327343750006
2 0.09314416640625 0.76082944140625 0.1799404234375 0.15080632968749996
2 0.12971877421875 0.59165636640625 0.09730258593749999 0.08446348281249993
2 0.029154150000000004 0.6258218609375 0.052222178125000004 0.12430779687499993
2 0.24381255859375 0.5845877710937499 0.1333053796875 0.18114438906250008
2 0.07553320078125 0.44738901328124997 0.08800220468749999 0.15917780781250002
2 0.1494907140625 0.375654434375 0.06970461249999998 0.25476170625000005
1 0.11522056718750001 0.26659367109375 0.06041570312500001 0.11988199531250004
2 0.08036252578125 0.34720478671875 0.0898990296875 0.1137857484375
2 0.042958749218749995 0.1952515859375 0.08591749843749999 0.203971496875
2 0.05569338671875 0.07964580078125 0.1113867734375 0.0851865109375
2 0.16677681015624998 0.17338473125 0.09475129531249998 0.129232240625
2 0.28329785 0.28029813203125 0.193482234375 0.2256702453125
2 0.4308431375 0.29092953671875 0.17858786250000003 0.12948156093750002
2 0.40323133203125 0.4669250953125 0.0492184953125 0.11008297499999997
2 0.47985033750000006 0.49809874921874997 0.1615670406250001 0.1669195671874999
2 0.23399895234375 0.4534948875 0.054408339062500005 0.13267927500000004
2 0.34974273125 0.1851537515625 0.18798697499999995 0.09891269375
2 0.5563519703124999 0.2257216734375 0.14410928124999994 0.10679236250000002
2 0.5319026015625 0.3622374328125 0.17039895000000005 0.127405784375
4 0.5604489875 0.5451833453124999 0.04531464374999994 0.09290975624999998
2 0.2647891546875 0.96844847890625 0.16554954687499998 0.06310304218749996
2 0.24786563203125 0.91488655859375 0.1186406296875 0.06536407968749991
2 0.32525852578125003 0.90375591484375 0.16003073281249997 0.1692306265625
