2 0.23039215703125 0.6066176476562499 0.14705882343749999 0.12009803906250005
2 0.03676470625 0.52328431328125 0.0735294125 0.09558823593750004
2 0.11029411796875001 0.5147058828125 0.050653595312499994 0.15196078437500005
2 0.25816993515625003 0.23529411718749998 0.08496732031250001 0.09803921562499995
2 0.25326797421875 0.375 0.09150326718749996 0.13235294062499992
2 0.32516339921875004 0.33700980390625 0.04901960781249998 0.1348039203125
2 0.4681372546875 0.34926470625 0.11928104687500007 0.06127450937500001
2 0.5 0.2904411765625 0.1143790843750001 0.06127450937500001
2 0.39379084921874996 0.6568627453125 0.1307189546875 0.06862744999999992
2 0.46732026171875 0.75122548984375 0.11437908593750012 0.18382352968750004
2 0.43137254921875 0.5747549015625 0.09150326718750001 0.11519607812499988
2 0.5130718960937499 0.617647059375 0.11111111093749998 0.09803921562500006
2 0.6168300656250001 0.63357843125 0.135620915625 0.09068627499999993
2 0.6364379085937499 0.5477941171875 0.12908496718749995 0.07107843125000002
2 0.75326797421875 0.6372549023437499 0.13071895468749994 0.12745097968749997
2 0.72385620859375 0.4779411765625 0.13071895468750006 0.08823529374999994
2 0.53349673203125 0.41911764687499997 0.11928104531250006 0.08333333437500001
1 0.57843137265625 0.37745098046875 0.0947712421875 0.06862745156249994
2 0.0359477125 0.18014705859375 0.071895425 0.09558823593749999
