2 0.07285714296875 0.87125 0.1457142859375 0.14749999999999996
2 0.30142857109375 0.83 0.2571428578125 0.20499999999999985
2 0.6192857140625 0.85875 0.25857142812499995 0.2825
2 0.868571428125 0.95375 0.17142857187499994 0.09250000000000003
2 0.8357142859375 0.785 0.18857142812500005 0.15500000000000003
2 0.7492857140625 0.6275 0.052857143749999835 0.13
2 0.9300000000000002 0.7475 0.09999999999999998 0.08500000000000008
2 0.65285714296875 0.56125 0.12285714218749988 0.14250000000000002
2 0.8421428570312499 0.495 0.06428571406250005 0.175
2 0.65285714296875 0.44125 0.08285714218749995 0.22749999999999992
2 0.74214285703125 0.425 0.10428571406249987 0.09999999999999998
2 0.7449999999999999 0.5275000000000001 0.06142857187499995 0.12500000000000006
2 0.78785714296875 0.52125 0.06142857031250004 0.13250000000000006
2 0.55683914296875 0.6930880898437499 0.24796400156250004 0.26117617968749995
2 0.41857142890625 0.7224999999999999 0.16285714218749997 0.275
2 0.30428571406250005 0.6912499999999999 0.188571428125 0.13750000000000007
2 0.0892857140625 0.75375 0.178571428125 0.15250000000000008
2 0.12857142890625 0.585 0.0971428578125 0.08500000000000008
2 0.02607142890625 0.6174999999999999 0.0521428578125 0.125
2 0.24285714296875 0.5800000000000001 0.1342857140625 0.18
2 0.07642857109375 0.44 0.0871428578125 0.16000000000000003
2 0.15214285703125 0.37 0.0728571421875 0.25499999999999995
1 0.11928571406249999 0.26 0.061428571875000004 0.12
2 0.083571428125 0.34 0.09 0.11499999999999999
2 0.045 0.1875 0.09 0.205
2 0.059285714062499995 0.0725 0.11857142812499999 0.08499999999999999
2 0.17285714296875002 0.1675 0.09428571406250003 0.13
2 0.28642857109375 0.27625 0.1928571421875 0.2275
2 0.43500000000000005 0.29 0.178571428125 0.12999999999999998
2 0.4042857140625 0.46499999999999997 0.04857142812499998 0.11000000000000004
2 0.48 0.4975 0.16285714374999993 0.16499999999999992
2 0.23428571484375 0.44875 0.05428571406250002 0.1325
2 0.355 0.1825 0.18714285625 0.1
2 0.56077296015625 0.2266386171875 0.14440306406249998 0.108277234375
2 0.5342857140625 0.36375 0.171428571875 0.12750000000000006
4 0.56 0.54625 0.045714284374999914 0.09250000000000003
2 0.258571428125 0.9662499999999999 0.16857142812500003 0.06750000000000012
2 0.2407142859375 0.9100000000000001 0.11857142812499999 0.06500000000000006
2 0.31785714296875 0.9007651710937501 0.1585714296875 0.17153034218749996
