2 0.08177879296875 0.15395715 0.1635575859375 0.15203785937499997
2 0.06308881250000001 0.33858250546875 0.104316434375 0.24339659531250002
2 0.08021916171875 0.49784326640625 0.1604383234375 0.09875125781249999
2 0.3069063546875 0.44836124140625 0.21033630625 0.2520647265625
2 0.25626182265624997 0.319478509375 0.21360156406249994 0.18137817500000003
2 0.30709432265625003 0.27921601093750004 0.05080326093750004 0.12677664375000003
2 0.29578197890625 0.045958532812499994 0.1477770390625 0.059665775
2 0.3245135140625 0.13458894609375 0.06450935312499995 0.15307247343749997
2 0.38150586953125 0.16605656015625 0.06152594531249994 0.1552544265625
2 0.48923124453125 0.043621424218749996 0.04933836093749999 0.08724284843749999
2 0.5896856234375 0.12156892578125 0.11577388124999999 0.17500301093750004
2 0.5402362234375 0.25478850546875 0.13164288750000003 0.10836072656249998
4 0.63876326484375 0.30637245 0.11630635468750006 0.136746459375
2 0.75134398984375 0.3339644046875 0.17788023593750013 0.08253486874999999
2 0.813528615625 0.277741553125 0.15148904062500002 0.06937007187499997
2 0.87436862890625 0.4453149625 0.18482408281249996 0.09611551874999996
2 0.99124129765625 0.53927737890625 0.01751740468749996 0.1277229453125
2 0.8625257992187501 0.64971881875 0.22698622343750008 0.19182213125000003
2 0.80272855546875 0.58891812734375 0.14893785781250002 0.18536971406250002
2 0.71851397265625 0.7976777945312499 0.27871420156250015 0.3371405046874999
2 0.6540327640624999 0.92930797578125 0.10918707187499999 0.11248085468750002
2 0.6960895843749999 0.5273088593749999 0.078891728125 0.21360094375000005
2 0.63694992734375 0.5702232828125 0.15852259531250001 0.19605049687499992
2 0.53024103984375 0.4412952203125 0.1618546890625 0.1383242875000001
2 0.46795417656250005 0.35669959140625 0.13537160000000004 0.11400317968749996
2 0.386067403125 0.61442990546875 0.19443606875000002 0.12333232968749996
