2 0.052204871875 0.7971631523437501 0.10440974375 0.1701682953125
2 0.103944721875 0.9451700710937501 0.127162575 0.08597339218749989
2 0.04115504921875 0.9448726210937499 0.0823100984375 0.07637605781250001
2 0.04500091953125 0.9015682578124999 0.0900018390625 0.09563534687499986
2 0.22007732265625002 0.853517615625 0.053907623437500024 0.09582849375000002
2 0.1566308890625 0.77888452890625 0.0767449 0.1926662921875001
2 0.11370267734375 0.84532418046875 0.1409160859375 0.09839439843749997
2 0.10057776406249999 0.68670657734375 0.05795871875000001 0.054508439062500025
2 0.0369677265625 0.6971803406249999 0.072457825 0.12408111249999998
2 0.23882285312499998 0.76298351171875 0.10410123124999998 0.05826408906249991
2 0.49030148515625 0.94628213984375 0.1407118421875001 0.10743572031250004
2 0.12330301015625 0.6034408671875 0.0688350390625 0.12229450312500001
2 0.2818839421875 0.50905298515625 0.13549875625 0.04240867343749993
2 0.157558928125 0.50598341171875 0.03828420624999998 0.059172267187500016
2 0.0409216890625 0.50645433671875 0.053013321875 0.04395733906249999
2 0.14058713750000001 0.46115160859375004 0.0894593625 0.033437948437499976
2 0.10643335390625 0.4392006953125 0.06821437343750002 0.024142028124999992
2 0.2212829640625 0.6563738945312501 0.07621941874999999 0.06380435781249993
4 0.21110167421875 0.60568455078125 0.1287885640625 0.05456793281250005
2 0.03580119296875 0.6001323015625 0.0716023859375 0.08567187187500003
2 0.02533237890625 0.547273809375 0.0506647578125 0.04087807187499992
4 0.27997538828125 0.46096721328125 0.06600738906249998 0.0418931140624999
4 0.45428579843750005 0.52300382890625 0.13814198437500008 0.05469681406250004
2 0.364876959375 0.82897703515625 0.127983503125 0.09792641718750006
2 0.29344133515625 0.82650531953125 0.09087715468749999 0.10514622343749991
2 0.46681285234375 0.7714694468750001 0.1547172015624999 0.054486628124999936
2 0.43046299140625 0.7310853265624999 0.14242906093750002 0.05952322500000007
2 0.3542287125 0.66108829765625 0.14023000937499996 0.10721241093749989
2 0.28353966484375004 0.6173480859375 0.07090717031249999 0.11585993437499997
4 0.38643454218749995 0.574728459375 0.09651655937499998 0.09015735312499995
2 0.0896033296875 0.49386578671875003 0.09967733749999999 0.04326927343750003
2 0.80184080625 0.5885076 0.08769058437499999 0.1210254437499999
4 0.91331252421875 0.72423539765625 0.1581079890624999 0.07557497656250001
4 0.8413058164062499 0.77445676171875 0.1752503234374999 0.12985935156249995
2 0.73907248671875 0.8117673398437499 0.18976925156250002 0.07487696093749996
2 0.8142171515625001 0.8805617265625001 0.18233726875 0.08263615624999987
2 0.73522263671875 0.935605546875 0.15762812031249984 0.08476976875000009
2 0.57207408203125 0.82564080546875 0.1490658828125 0.06505163281249993
2 0.6360013921875001 0.7697681234375 0.18061015000000002 0.06264831250000014
2 0.69068731484375 0.71061668671875 0.13143574531250002 0.1388657671875
2 0.8870785289062499 0.6085380585937501 0.06462528593749994 0.05517073906249992
4 0.6101540710937501 0.625232209375 0.08410547968749993 0.03527017187499992
2 0.5685068343749999 0.6283255593750001 0.11466620937500005 0.095205865625
2 0.51358296875 0.66623200703125 0.161964765625 0.041046420312500054
2 0.48555740078125004 0.5959147476562501 0.13359913281250002 0.10706766093749998
2 0.71497213125 0.57211083359375 0.10716483437500002 0.04289053281249999
2 0.66400716328125 0.569063084375 0.12154495468750004 0.06143479062500001
2 0.6392107687499999 0.583235990625 0.03627947500000006 0.031340024999999994
4 0.5518265359375 0.57263926171875 0.13936147812500005 0.08833704218750005
4 0.77140200703125 0.6807103226562501 0.14571672968750005 0.06680255156250003
2 0.49007446015625 0.82322956484375 0.1610189078125 0.09460504843750006
2 0.58256571640625 0.7120542875 0.1666583390625 0.07269972187500007
3 0.5867526210937499 0.920352925 0.15190741093749993 0.11567155937499995
