1 0.313518490625 0.7190756046875 0.128039246875 0.17620919687499992
1 0.1498170125 0.42084014453124996 0.26926286875000005 0.08087003281249999
1 0.61315083203125 0.5995782546874999 0.26304242031249997 0.12902858124999994
2 0.61909993203125 0.81936336171875 0.1477166984374999 0.2688330296875001
2 0.47121660078125 0.838581915625 0.1019747109375001 0.2637297218749999
2 0.8877120656249999 0.62875429296875 0.1045358624999998 0.23146964843749995
1 0.91202291796875 0.38190166875 0.17595416406250008 0.21046786562500003
1 0.337261628125 0.14115888046875003 0.188923421875 0.17072684531250001
2 0.18159012187499998 0.243173696875 0.1436711375 0.187151846875
4 0.058458354687500005 0.61058808125 0.11691670937500001 0.245627309375
2 0.19235603203125 0.6279937875 0.14923270156250001 0.331752925
2 0.38871041171875004 0.5937971453124999 0.19079154218750005 0.2059544875
2 0.31578484921875005 0.51290575078125 0.12008316406250003 0.2545230953125
2 0.5149067617187499 0.66032105859375 0.22927047968749997 0.09500147343749998
2 0.7606624242187501 0.55049863046875 0.1836951265625001 0.23716151093749993
2 0.55840506484375 0.500325978125 0.2504374359375 0.14146535312499997
2 0.40153247578125 0.361264796875 0.13161904843750005 0.19425375
2 0.8577912789062501 0.433916471875 0.16013365156250003 0.164666278125
2 0.75948911484375 0.290183403125 0.12558918281249998 0.18889820625
2 0.6946862664062501 0.39866367265625 0.1972341703124999 0.1378251546875
2 0.46883965703125 0.26911959140624997 0.2653548953125001 0.10611227968749998
2 0.5392185921875 0.34430293203125 0.18856365625 0.08263844218750005
2 0.5637431749999999 0.430003359375 0.21630827812499998 0.12249455625
