2 0.9521298554687501 0.8183702148437499 0.09574028906249998 0.23958778281250004
2 0.809988234375 0.9397329851562499 0.11567861562500004 0.0509347390624999
2 0.7855343640624999 0.8692088804687499 0.22202669062500002 0.1421984890625
2 0.63848157265625 0.9009269054687501 0.07531319531250003 0.17363794531249999
2 0.61241794921875 0.6639278976562499 0.2903268359375001 0.1488230921875
2 0.744686709375 0.6811602140624999 0.22708954375 0.17224758437499998
2 0.76970260234375 0.6156206234375 0.11765333593750005 0.07230491875
2 0.9892297453125 0.5493584062500001 0.021540509375000072 0.14936649687500003
2 0.90053160546875 0.553653203125 0.14310265781249998 0.09447053125000004
2 0.852745375 0.509909653125 0.14846340624999999 0.08459339999999999
2 0.9406030585937499 0.36667873671874995 0.09293811406249997 0.05440666093749996
2 0.8304341359375 0.29815464296875 0.19514987187499988 0.07490006093750001
2 0.71999507421875 0.38192337499999995 0.13305975781250012 0.11657149687499996
4 0.64231026953125 0.31020085390625 0.11545241718749999 0.13777459531250003
2 0.57877970546875 0.21100150546875002 0.12397577343749999 0.1667525765625
2 0.6180812078125 0.13263896796875 0.07922748125000001 0.1499148921875
2 0.43404832890625 0.124023803125 0.1302019921875 0.17425177187499996
2 0.26208996328125 0.03582789609375 0.21965786093749998 0.042374970312499996
2 0.24316082890625002 0.1972681609375 0.1401107421875 0.256939046875
2 0.32609258515625 0.24422266953125 0.14609179843749998 0.1786255390625
2 0.1739337359375 0.37305957343749996 0.347867471875 0.2184431625
2 0.056524870312499996 0.4908082109375 0.11304974062499999 0.07616370000000006
2 0.41682168984375 0.32950926171875 0.21495535468750004 0.0627430578125
2 0.3849118546875 0.3999007953125 0.22347731875000004 0.11024147812500001
2 0.5508133 0.458622946875 0.16494253437500006 0.13958266249999995
2 0.6435543609375001 0.49267206406249997 0.1449853281250001 0.11283443124999998
2 0.4268234265625 0.6378038359375 0.17152632187499994 0.17375490312499986
