3 0.5115624999999999 0.59055555546875 0.17187499999999994 0.1566666671875
3 0.14281249999999998 0.4088888890625 0.161875 0.08444444375000004
0 0.10093750000000001 0.5411111109375 0.145625 0.12666666562500006
3 0.042812499999999996 0.58444444453125 0.08562499999999999 0.11111111093750003
3 0.11937500000000001 0.6950000000000001 0.14375 0.14111111249999997
3 0.743125 0.76722222265625 0.11874999999999991 0.09666666718749994
3 0.57875 0.43333333281249997 0.15874999999999995 0.11777777812500001
3 0.7121875 0.4938888890625 0.17062500000000003 0.14777777812499993
3 0.4046875 0.69555555546875 0.06187500000000007 0.06888888906250001
3 0.3003125 0.6644444445312501 0.12937499999999996 0.11333333281250002
3 0.36593749999999997 0.4783333328125 0.10687499999999994 0.08777777812499998
2 0.1 0.6161111109374999 0.06874999999999999 0.06555555624999998
3 0.17375000000000002 0.61 0.047500000000000014 0.05777777812499996
3 0.52 0.48555555546875 0.14749999999999996 0.1222222234375
3 0.2646875 0.7444444445312499 0.171875 0.1444444453124999
0 0.5956250000000001 0.685 0.036250000000000004 0.054444443750000016
0 0.4915625 0.6538888890625 0.24937499999999996 0.06555555624999987
3 0.31906249999999997 0.522777778125 0.171875 0.06777777812500002
