2 0.1141774890625 0.08644067812499999 0.228354978125 0.14237288125
2 0.01948051953125 0.2652542375 0.0389610390625 0.11694915312499995
2 0.0919913421875 0.27372881328125 0.121212121875 0.23559322031249996
2 0.08387445859375 0.42796610156250003 0.1677489171875 0.086440678125
2 0.31926406953124997 0.41694915234374996 0.1818181828125 0.27457627031250004
2 0.2851731609375 0.28474576328125 0.19372294375 0.2067796609375
2 0.34307359296874995 0.25169491484375 0.05844155781249999 0.12372881406250003
2 0.37229437187500003 0.0203389828125 0.14935064999999997 0.040677965625
2 0.38474026015624996 0.11186440703125 0.07900432968749999 0.14915254218750001
2 0.43506493515625 0.15254237265624998 0.07142857031249994 0.1525423734375
2 0.5611471859375 0.04576271171875 0.04437229374999996 0.0915254234375
2 0.64772727265625 0.140677965625 0.09415584531249988 0.186440678125
2 0.5800865796875 0.2644067796875 0.12554112500000003 0.12203389687499999
4 0.66666666640625 0.328813559375 0.12554112656249994 0.12542372812499997
2 0.7738095234375 0.3762711859375 0.16883116874999993 0.10169491562499999
2 0.84415584453125 0.328813559375 0.15151515156249995 0.06779660937499998
2 0.8793290046875 0.5067796609374999 0.18073593124999987 0.11186440624999994
2 0.98538961015625 0.66271186484375 0.02922077968749992 0.22033898281249997
2 0.8360389609375001 0.7067796609375001 0.2435064937500001 0.16610169375000006
2 0.78246753203125 0.63305084765625 0.16450216406249996 0.1677966109375001
2 0.6764069265625 0.821186440625 0.246753246875 0.35762711875
2 0.583874459375 0.9423728812500001 0.09632034687499991 0.11525423749999997
2 0.6872294367187499 0.555932203125 0.060606060937499984 0.21694915312500007
2 0.62067099609375 0.594067796875 0.1331168828125 0.21186440624999991
2 0.5362554109375 0.4432203390625 0.15259740312500003 0.15084745625
2 0.4875541125 0.3550847453125 0.12229437187500003 0.13050847500000007
2 0.372294371875 0.59491525390625 0.18398268437499998 0.14915254218749996
