2 0.943125 0.815 0.1137499999999999 0.17625000000000002
2 0.8796875 0.9575 0.1256250000000002 0.08499999999999996
2 0.9515625 0.9606250000000001 0.09687500000000004 0.07874999999999999
2 0.9478125000000001 0.921875 0.10437499999999988 0.10624999999999996
2 0.7675 0.8628125 0.05249999999999999 0.09562499999999985
2 0.8340625 0.79 0.0731250000000001 0.19250000000000012
2 0.8734375 0.8587499999999999 0.14187499999999997 0.09625000000000006
2 0.8928125 0.700625 0.05812500000000009 0.05500000000000005
2 0.955625 0.7140625 0.07250000000000001 0.12437500000000001
2 0.751875 0.7728125 0.10375000000000001 0.059374999999999956
2 0.4940625 0.9471875 0.14312500000000006 0.10562500000000008
2 0.8728125 0.61625 0.06562499999999993 0.12250000000000005
2 0.7178125 0.5159374999999999 0.135625 0.043125000000000024
2 0.8418749999999999 0.5175 0.03750000000000009 0.058750000000000024
2 0.958125 0.5225 0.05249999999999999 0.04249999999999998
2 0.860625 0.47343749999999996 0.0887500000000001 0.03437499999999999
2 0.8953125 0.4534375 0.06812499999999988 0.024375000000000036
2 0.773125 0.6656249999999999 0.07499999999999996 0.06500000000000006
4 0.7846875 0.615625 0.12812500000000016 0.053749999999999964
2 0.9628125 0.6168750000000001 0.07437500000000008 0.08875
2 0.9740624999999999 0.564375 0.051875000000000115 0.043749999999999956
4 0.7209375 0.46875 0.06562499999999993 0.04250000000000009
4 0.5449999999999999 0.5246875 0.13875000000000004 0.05562499999999998
2 0.6231249999999999 0.83375 0.12625000000000008 0.09875
2 0.694375 0.8334375 0.08875 0.10562500000000008
2 0.5240625000000001 0.7715625 0.15437500000000004 0.055625000000000036
2 0.561875 0.733125 0.1412500000000001 0.06374999999999997
2 0.64 0.66625 0.13749999999999996 0.11125000000000007
2 0.7125 0.6246875000000001 0.07250000000000001 0.11562499999999998
4 0.6112500000000001 0.5796520046875 0.09875 0.08874999999999988
2 0.910625 0.5084375 0.09999999999999998 0.04062499999999997
2 0.1953125 0.5778125000000001 0.09062500000000001 0.1193749999999999
4 0.079375 0.71 0.15875 0.07250000000000012
4 0.1503125 0.7625 0.174375 0.12624999999999986
2 0.25 0.8028124999999999 0.18875 0.07937500000000008
2 0.17281249999999998 0.86875 0.18312499999999998 0.0787500000000001
2 0.25 0.9265625 0.15875000000000003 0.08187500000000014
2 0.4171875 0.8225 0.14937500000000004 0.06125000000000003
2 0.355 0.7646875 0.18 0.06562500000000004
2 0.3025 0.70375 0.13499999999999998 0.135
2 0.1090625 0.5953124999999999 0.065625 0.05437499999999995
4 0.3859375 0.6221875 0.08437499999999998 0.034375000000000044
2 0.42656249999999996 0.6259375 0.116875 0.09312500000000001
2 0.48062499999999997 0.666875 0.16250000000000003 0.03875000000000006
2 0.5109375 0.5965625 0.13062500000000005 0.11062499999999997
2 0.2828125 0.565 0.10812499999999997 0.04125000000000012
2 0.3334375 0.5631250000000001 0.12312500000000004 0.057499999999999996
2 0.3578125 0.578125 0.03562500000000002 0.03125
4 0.4459375 0.5706249999999999 0.140625 0.08499999999999996
4 0.2228125 0.67125 0.14687500000000003 0.0625
2 0.4990625 0.8234375 0.16312500000000008 0.09062500000000007
2 0.4103125 0.7090624999999999 0.16562500000000002 0.07562499999999994
3 0.3990625 0.9149999999999999 0.15062500000000006 0.11499999999999999
