1 0.6708144796875 0.73274161796875 0.13348416249999995 0.17948717968750005
1 0.8540723984375 0.44575936875 0.26923076874999996 0.09072978437500007
1 0.38009049765624997 0.59270216953125 0.2624434390625 0.11637080781249987
2 0.3563348421875 0.8106508875 0.13800904999999997 0.2761341218750001
2 0.50565610859375 0.83925049296875 0.11085972968750002 0.26627218906249994
2 0.1052036203125 0.600591715625 0.110859728125 0.2307692312500001
1 0.09389140234375 0.35305719921875 0.1877828046875 0.20512820468749998
1 0.6866515835937501 0.15285996093749998 0.1968325796875 0.1637080875
2 0.8348416296875001 0.264299803125 0.13574660625 0.1893491125
4 0.934389140625 0.6420118343750001 0.13122171875 0.23865877812499992
2 0.80542986484375 0.65088757421875 0.14932126718749994 0.3274161734375
2 0.6029411765624999 0.600591715625 0.18325791874999997 0.21104536562500004
2 0.684389140625 0.5276134125 0.11085972812500011 0.25838264375
2 0.47285067812500003 0.6587771203125 0.22624434374999997 0.09467455624999999
2 0.23642533984375 0.5305719921875001 0.19683257968749995 0.22879684374999998
2 0.4411764703125 0.4960552265625 0.2533936656250001 0.12820512812500007
2 0.6074660632812501 0.3688362921875 0.13800904843749995 0.18934911249999997
2 0.14705882343749999 0.40828402421875 0.167420815625 0.1577909265625
2 0.25678733046875 0.27218934921875004 0.1289592765625 0.18540433906250003
2 0.31221719453124996 0.38560157734375 0.19909502343749994 0.1321499015625
2 0.5475113125 0.2702169625 0.266968325 0.09861932812499996
2 0.47171945703125 0.33727810625 0.18778280468749997 0.08284023750000002
2 0.4423076921875 0.426035503125 0.21945701249999994 0.11045364999999996
