2 0.73515582578125 0.38669767187500004 0.16062157656249998 0.15919002187500003
2 0.7656953828124999 0.1294998953125 0.12501013437499997 0.22092908125
2 0.64698329921875 0.0408360625 0.14932993906250003 0.081672125
2 0.5062614234375 0.08777099921875 0.13573078437499997 0.15360823906249998
2 0.65493860703125 0.27339956171875 0.25047422343750003 0.07818567031250004
2 0.85831920703125 0.182824096875 0.1989813921875001 0.16826538437500005
2 0.88768416640625 0.31182171875 0.17755870156249998 0.18198214374999996
2 0.89964111953125 0.475887365625 0.20071776093749993 0.10984075937499993
2 0.7818451609374999 0.5179839835937501 0.19615543749999997 0.062442239062500016
2 0.6776155757812501 0.4830559 0.2586325921875 0.048098228124999975
2 0.547319553125 0.49060803203125 0.10370224062499994 0.08263849218749997
2 0.8479408578125001 0.64331434140625 0.18296659687499994 0.2005015765625
2 0.614509253125 0.7539034406249999 0.08975855312500014 0.11412882812499991
2 0.5502897945312499 0.8382080820312501 0.13107773593750005 0.06061605156250016
2 0.71365253671875 0.8744465046875 0.13241575156249996 0.04820491874999999
2 0.74305314140625 0.73166215390625 0.10017831406249988 0.10634370781250002
4 0.48922352109375 0.5792404429687499 0.08276967343750002 0.09182054843749998
2 0.53479867265625 0.37807538359375004 0.12840274843749994 0.03145708593750002
2 0.52218265 0.1543690578125 0.19432729375000002 0.08493909375000001
2 0.37773666796875 0.1357719609375 0.09433716718750007 0.09210043124999999
2 0.302635759375 0.1303484796875 0.06524728124999996 0.06686429687499999
2 0.2786228703125 0.1539700765625 0.0475553125 0.046689381249999995
2 0.35056744609375 0.11507350703125 0.04229838281249998 0.061781735937499985
2 0.39205672968749994 0.2324711109375 0.052962159374999984 0.06571995
2 0.32880769374999996 0.3381513359375 0.04825223437499998 0.052712328124999985
2 0.4122742890625 0.3480958734375 0.061026434374999994 0.03240342812499997
4 0.5194151429687499 0.42241975078125 0.06093233906249995 0.07343509843749996
2 0.63070083515625 0.45227296640625003 0.1199993171874999 0.042525870312499936
4 0.584946278125 0.60666800390625 0.070880584375 0.10139513281250001
4 0.43382213515625 0.7027932453125 0.14081918281250005 0.10054605625000002
2 0.95024058359375 0.8693396640625 0.09951883281249996 0.09818994687500016
2 0.63047385703125 0.34155881328125 0.09049374218750006 0.09262694843749997
2 0.46409435078125 0.039101184375 0.08052688906250005 0.07820236875
