2 0.24633583671874998 0.655322934375 0.1457599453125 0.14127495624999997
2 0.049484665625 0.6148314390625 0.089949896875 0.08697286250000003
2 0.12233176171875 0.5892627515625 0.06241576406250002 0.152910190625
2 0.21397544765625 0.28688027734375 0.09743630468750003 0.08759642031250003
2 0.23445055703125 0.4221928359375 0.07211642031249998 0.13678039062500003
2 0.29817810703125003 0.37320889921875 0.061747135937499975 0.1307682953125
2 0.44296798671875 0.35508432890624997 0.1227672984375 0.06687266406249998
2 0.45978045624999997 0.2969414875 0.11227761875000003 0.07667303125000002
2 0.42694268593749995 0.6750934484375 0.13419601874999998 0.07707310000000012
2 0.517727440625 0.75346891640625 0.09123250937499994 0.19478802656249994
2 0.44479282499999995 0.5882351085937501 0.10572284375000002 0.10225561093750002
2 0.536715728125 0.61225601015625 0.10539408437500009 0.10723852343749996
2 0.6425098796875 0.609611440625 0.129453575 0.11333890624999998
2 0.64468754921875 0.5179205203125 0.12764865156250005 0.07636125312500003
2 0.773401190625 0.5863631921875 0.13954133750000008 0.11085578124999995
2 0.71530048359375 0.43460905625 0.13305972343749994 0.09676767499999994
2 0.516512884375 0.41198560703125 0.12737823749999994 0.07097827343749996
1 0.55363978828125 0.364290153125 0.0996431484375001 0.05462498124999998
2 0.0114859953125 0.28624024843749996 0.022971990625 0.06401243750000002
