2 0.4137214171875 0.7458884515624999 0.15909270625000005 0.15042845312500008
2 0.16368490703125002 0.8061020898437501 0.20944499531250002 0.13969549531249992
2 0.050228860937499994 0.7162172867187501 0.10045772187499999 0.18304628906249998
2 0.089273859375 0.5555348453125 0.14087698750000002 0.14996236562499993
2 0.2939456078125 0.680376603125 0.05509140000000001 0.25314368750000005
2 0.2311950375 0.88854523515625 0.152522628125 0.20068645781250005
2 0.36087132499999997 0.90267238671875 0.16416826874999996 0.18367620781249994
2 0.52652720859375 0.9010766640625001 0.12059507343749992 0.19784667187499994
2 0.55009602734375 0.7784290703125 0.06841977031250002 0.1945579156249999
2 0.5028032687499999 0.6784165249999999 0.03647679687500005 0.2591204281249999
2 0.49854008515625003 0.5476815609375 0.08658966406249996 0.09633572500000004
2 0.68582333359375 0.8308901156249999 0.19901984531250005 0.18178821562500003
2 0.76432572734375 0.58288291640625 0.10976684531250003 0.1009279328124999
2 0.84078379296875 0.50900058515625 0.051852185937500184 0.13448844843750002
2 0.8984619507812499 0.6655320250000001 0.040189476562499826 0.13137383125000002
2 0.76022538671875 0.71045139140625 0.10170271718750001 0.10230941093750001
4 0.5780264671875 0.47916265625000004 0.09621073749999998 0.07595531249999998
2 0.38272222109375 0.5491847062499999 0.04306394218750004 0.124887525
2 0.16006318515625 0.5647307085937501 0.0653512453125 0.20104269531250002
2 0.12430196796875 0.42357478203125 0.08532919218749999 0.10230788593750001
2 0.111301746875 0.35022528203125003 0.064815346875 0.062468554687499955
2 0.13081476484375 0.3224656765625 0.047654817187500004 0.04423473437500003
2 0.09909437656249999 0.399848234375 0.059300456249999994 0.04382433124999996
2 0.22266843984375 0.426131775 0.06230024843750004 0.05817689687499994
2 0.31928682734375 0.35166244921875 0.05221155156249996 0.04796266406250005
2 0.340145890625 0.43134568984375 0.028355618750000033 0.06236633593749996
4 0.423501953125 0.52959725234375 0.07353531562499993 0.060579035937500025
2 0.467204665625 0.635254325 0.03493692187500008 0.12059586875000006
4 0.6157637351562499 0.571334496875 0.09909642968749999 0.06885416875000006
4 0.692461225 0.407938009375 0.10472541875000008 0.135665490625
2 0.9233303953125 0.9286394640625 0.10776519062500012 0.14272107187500005
2 0.35922857578125 0.64837797578125 0.08998295781249999 0.0958726890624999
2 0.037622143749999996 0.52171878359375 0.07524428749999999 0.08407406406249995
