2 0.76493325546875 0.6248798718749999 0.14721351093750012 0.12835407499999996
2 0.96032225859375 0.55696305703125 0.07935548281250004 0.0926257640625
2 0.88592976953125 0.54202553984375 0.053083232812499936 0.15295838906249998
2 0.7590220406249999 0.2534350359375 0.08988949687500003 0.09381105624999997
2 0.7552779875 0.39171778125 0.0835866406250001 0.13453812187499997
2 0.6844067796875 0.34954583359375 0.05179516875000001 0.13390563906249997
2 0.54110308984375 0.34918154999999995 0.12087117343750003 0.06045253125
2 0.5147035703125 0.29192049140625 0.11410046249999994 0.06716624843750002
2 0.5941533796875 0.665764515625 0.13176830312499999 0.06574707187500006
2 0.514391640625 0.753121103125 0.10640673437500003 0.1886188781250001
2 0.5640150125 0.5795309835937501 0.097093409375 0.11001427656249996
2 0.47875330234374996 0.6159357125 0.10844684531249993 0.10133381250000006
2 0.3732360765625 0.6253883398437501 0.13195082499999994 0.09935589843749992
2 0.359962096875 0.53747079375 0.129112465625 0.06783896562500003
2 0.23828747109374998 0.6199943531250001 0.13450385156249997 0.12041562812499995
2 0.278313325 0.46334833125 0.13004703750000002 0.08904618750000004
2 0.47256887578124995 0.41694677109375 0.12275186093750001 0.07760783593749992
1 0.43099215703125004 0.37182248359375003 0.09556621406250004 0.06321714531249994
2 0.97438757265625 0.22005602578125 0.05122485468750004 0.08115316093750002
