2 0.056874999999999995 0.815 0.11374999999999999 0.17625000000000002
2 0.1203125 0.9575 0.12562500000000001 0.08499999999999996
2 0.0484375 0.9606250000000001 0.096875 0.07874999999999999
2 0.0521875 0.921875 0.104375 0.10624999999999996
2 0.23249999999999998 0.8628125 0.05249999999999999 0.09562499999999985
2 0.1659375 0.79 0.073125 0.19250000000000012
2 0.1265625 0.8587499999999999 0.141875 0.09625000000000006
2 0.1071875 0.700625 0.05812500000000001 0.05500000000000005
2 0.044375 0.7140625 0.07250000000000001 0.12437500000000001
2 0.24812499999999998 0.7728125 0.10375000000000001 0.059374999999999956
2 0.5059375 0.9471875 0.143125 0.10562500000000008
2 0.1271875 0.61625 0.065625 0.12250000000000005
2 0.2821875 0.5159374999999999 0.135625 0.043125000000000024
2 0.15812500000000002 0.5175 0.037500000000000006 0.058750000000000024
2 0.041875 0.5225 0.052500000000000005 0.04249999999999998
2 0.139375 0.47343749999999996 0.08875 0.03437499999999999
2 0.10468749999999999 0.4534375 0.06812499999999998 0.024375000000000036
2 0.226875 0.6656249999999999 0.07499999999999996 0.06500000000000006
4 0.21531250000000002 0.615625 0.12812500000000004 0.053749999999999964
2 0.0371875 0.6168750000000001 0.074375 0.08875
2 0.025937500000000002 0.564375 0.051875000000000004 0.043749999999999956
4 0.2790625 0.46875 0.06562500000000002 0.04250000000000009
4 0.455 0.5246875 0.13875000000000004 0.05562499999999998
2 0.37687500000000007 0.83375 0.12625000000000003 0.09875
2 0.305625 0.8334375 0.08875 0.10562500000000008
2 0.4759375 0.7715625 0.15437499999999998 0.055625000000000036
2 0.438125 0.733125 0.14125000000000004 0.06374999999999997
2 0.36 0.66625 0.13749999999999996 0.11125000000000007
2 0.2875 0.6246875000000001 0.07249999999999995 0.11562499999999998
4 0.38875 0.5796520046875 0.09875 0.08874999999999988
2 0.089375 0.5084375 0.1 0.04062499999999997
2 0.8046875 0.5778125000000001 0.09062499999999996 0.1193749999999999
4 0.920625 0.71 0.15875000000000006 0.07250000000000012
4 0.8496874999999999 0.7625 0.17437500000000006 0.12624999999999986
2 0.75 0.8028124999999999 0.18874999999999997 0.07937500000000008
2 0.8271875 0.86875 0.18312499999999998 0.0787500000000001
2 0.75 0.9265625 0.15874999999999995 0.08187500000000014
2 0.5828125 0.8225 0.14937500000000004 0.06125000000000003
2 0.645 0.7646875 0.18000000000000005 0.06562500000000004
2 0.6975 0.70375 0.135 0.135
2 0.8909375 0.5953124999999999 0.06562500000000004 0.05437499999999995
4 0.6140625 0.6221875 0.08437499999999998 0.034375000000000044
2 0.5734375 0.6259375 0.11687499999999995 0.09312500000000001
2 0.5193749999999999 0.666875 0.16249999999999998 0.03875000000000006
2 0.4890625 0.5965625 0.1306250000000001 0.11062499999999997
2 0.7171875 0.565 0.10812500000000003 0.04125000000000012
2 0.6665625 0.5631250000000001 0.12312500000000004 0.057499999999999996
2 0.6421874999999999 0.578125 0.03562499999999991 0.03125
4 0.5540625 0.5706249999999999 0.140625 0.08499999999999996
4 0.7771874999999999 0.67125 0.14687499999999998 0.0625
2 0.5009375 0.8234375 0.16312500000000008 0.09062500000000007
2 0.5896874999999999 0.7090624999999999 0.16562500000000002 0.07562499999999994
3 0.6009375 0.9149999999999999 0.150625 0.11499999999999999
