3 0.58493369140625 0.52552247734375 0.15000998906249985 0.17669595781250003
3 0.45807542265625 0.13554136796875 0.07914786406249996 0.1579800921875
0 0.59281395 0.1099241625 0.12160669375 0.14513560937499997
3 0.6478162296875 0.06056020937500001 0.11037771874999991 0.093450621875
3 0.743000140625 0.1516870203125 0.14084259375000008 0.14791795937500002
3 0.73295975390625 0.7784129796875 0.09729161093749994 0.12207879999999993
3 0.42271780546875 0.5690919960937499 0.1238511765625 0.15674114531249994
3 0.4643305859375 0.7089616187500001 0.13529275000000002 0.17653946875000004
3 0.7069173578125001 0.43283114765624997 0.059607131250000056 0.07086031718749997
3 0.6914637859374999 0.32552868046875 0.12041126874999997 0.11899236093749999
3 0.49640846328125 0.36546367890625 0.08142204218749999 0.1075355328125
2 0.67165067265625 0.11927913203125 0.05926366718749998 0.0738024890625
3 0.65492835234375 0.18991286484375 0.058289770312500044 0.04734367343750001
3 0.48127522734375 0.52019028671875 0.10731990468750008 0.1471436640625
3 0.77129187890625 0.3040907421875 0.13538420156250008 0.171438678125
0 0.6688473671874999 0.6226834554687499 0.05321872812499995 0.03682466718749999
0 0.65060809765625 0.51058780390625 0.09057761406249998 0.2461745453125
3 0.5443888867187501 0.32662225 0.07512062343750003 0.16942914062499995
