5 0.0598526703125 0.72776073671875 0.119705340625 0.1334355828125
5 0.4106814 0.55444785234375 0.08839779062499997 0.06901840468749998
5 0.56307550703125 0.5069018398437499 0.07826887656249992 0.06901840468750009
3 0.69383057109375 0.7277607359375 0.11878452968749986 0.15184049062500005
5 0.80616942890625 0.79524539921875 0.18324125156250004 0.1947852765625
5 0.9760589320312499 0.5981595093750001 0.047882135937500125 0.10122699375
3 0.89456721953125 0.82668711640625 0.21086556093749997 0.34662576718749993
5 0.743554328125 0.5690184046875 0.10773480625000009 0.09509202500000002
5 0.7099447515625 0.44938650312499995 0.1123388593750001 0.07975459999999995
5 0.572283609375 0.38266871171875 0.08011049687499994 0.0536809828125
5 0.5851749539062501 0.3059815953125 0.03591160156249995 0.02300613437499993
5 0.6381215468750001 0.40107361953125 0.046040515625 0.0352760734375
5 0.6413443828125001 0.44861963203125 0.037753221874999965 0.02914110468750003
5 0.64180478828125 0.4202453984375 0.058931860937500025 0.03067484687500005
5 0.4231123390625 0.4325153375 0.054327809375000036 0.042944784375000045
5 0.37384898671875 0.6065950921875 0.09392265156250001 0.06288343437499999
5 0.34760589296875 0.70015337421875 0.11878452968749997 0.10276073593750001
5 0.37476979765625 0.77837423359375 0.12523020156249998 0.10276073593750001
5 0.52348066328125 0.7707055218749999 0.12799263281250006 0.11503067499999997
3 0.5363720070312501 0.6326687117187499 0.04511970468749993 0.05674846718749993
5 0.38904235703125 0.9309815953125 0.1887661140625 0.13803680937500007
5 0.6017495390625 0.6572085890625 0.13535911562500003 0.13650306874999996
