5 0.77353159765625 0.08591100312500001 0.1431959546874999 0.11536222812500001
5 0.5627085734374999 0.4166215671875 0.07154251562499991 0.08534842187499997
5 0.5007113109375001 0.5634514109375 0.06923249375000007 0.07594056249999992
3 0.70647084296875 0.71521350859375 0.1506677109375001 0.11685125781250005
5 0.7618505468749999 0.8356853195312499 0.19702009999999992 0.18750612343750006
5 0.54406111875 0.9797103093749999 0.095303909375 0.040579381250000046
3 0.781618878125 0.91573906796875 0.35774846250000003 0.16852186406249992
5 0.5430375781250001 0.7494114234375 0.09784363125000006 0.10526694062499997
5 0.42714106171875 0.702725578125 0.0816277171875 0.11465536249999997
5 0.37575576953125 0.5595430125 0.058295707812499986 0.07870972500000006
5 0.2977562375 0.56434775078125 0.024516368750000017 0.03603551406250005
5 0.387851671875 0.6273449195312499 0.03681534375000006 0.04562797968749999
5 0.4339822109375 0.6351993726562499 0.03225399687499997 0.03642416718749997
5 0.40638904609374993 0.63341277890625 0.03445309218749998 0.05716614843750001
5 0.44058509687499997 0.41720090859375 0.045404553125000024 0.053869876562499974
5 0.6189976859374999 0.38576243593750004 0.066211159375 0.09148429687499998
5 0.71517893671875 0.368641009375 0.10518157968750008 0.116209978125
5 0.7908464374999999 0.40529836796874996 0.11000879687499987 0.12042201718749995
5 0.7675789671875 0.55115657578125 0.11826523437500003 0.12486481718750003
3 0.62794752734375 0.549799934375 0.05730385156249995 0.042948696875000025
5 0.93509145625 0.43551378203125 0.12981708749999998 0.17951200156250002
5 0.6459930765625 0.617040721875 0.13859058437499994 0.137228871875
