5 0.249009859375 0.07229568281250001 0.13850558750000003 0.11769508125000001
5 0.44116905390625 0.41353298359375 0.0700322203125 0.08699232656249994
5 0.4965721625 0.56355095390625 0.06845239062500008 0.07655621406250002
3 0.2822860828125 0.70480271484375 0.150861334375 0.11797957968750006
5 0.22038773437499998 0.8219643484375 0.194807478125 0.18443498437499994
5 0.42903881171874997 0.97819735703125 0.09763769218749996 0.043605285937500016
3 0.19516236015625 0.9053660671875 0.35213595781249996 0.18926786562499998
5 0.44389511875 0.7468326898437501 0.09660021562500004 0.10662392031250001
5 0.56182094140625 0.706387809375 0.08080189531249993 0.11319183124999999
5 0.620953521875 0.56600376640625 0.05606518125000004 0.07951908906249994
5 0.6984029882812499 0.57486395078125 0.023793860937500022 0.03602292656250006
5 0.60568218828125 0.6329153890624999 0.03609517656249994 0.04589714999999994
5 0.55877963359375 0.638461634375 0.03073967968750002 0.03713959374999998
5 0.58680173671875 0.63779763125 0.0326086578125 0.05812866875
5 0.5635368578125 0.42004705078125 0.04423529062500009 0.05417308593750003
5 0.38666485390625005 0.37964076328124996 0.0638679546875 0.09283069531249999
5 0.29204885546875003 0.35792874765625 0.1041138421875 0.11765850156250002
5 0.21463397109375001 0.38965265390625003 0.1058005453125 0.12253363281250002
5 0.23010443749999998 0.537335171875 0.11604011249999999 0.12653290625000002
3 0.369513053125 0.5431451 0.05710441874999994 0.044094631250000016
5 0.06671228515625 0.41216989453124997 0.1334245703125 0.1834941046875
5 0.3483267765625 0.60977577734375 0.13647105625 0.1360199984374999
