5 0.443140921875 0.59235477109375 0.468932621875 0.3374464265625
5 0.386974253125 0.3992478734375 0.21361232812500003 0.204975578125
5 0.5169677421875001 0.81458859453125 0.09138419062500003 0.14959032031249997
5 0.546759796875 0.3240588328125 0.12069866562499992 0.21163812499999998
5 0.5746704203124999 0.7581161296875001 0.0682104375 0.059410390624999976
5 0.62548560390625 0.40320313984375 0.05111649218750003 0.05399689843750005
5 0.656984965625 0.29481599609375 0.08585155312500004 0.06607336406250003
5 0.61469664609375 0.32537732578125 0.04985680156249994 0.08009306093749996
5 0.69030260859375 0.20570019765625 0.0683377140625 0.05311768906250003
5 0.6465408453125 0.19552092265624998 0.03720876249999994 0.09059635156250001
5 0.68889280234375 0.13088185546875 0.057511764062500026 0.0505266390625
5 0.70290496875 0.073345259375 0.06361441562500003 0.0602896
