5 0.397763578125 0.5395683453125 0.364217253125 0.441247003125
5 0.56869009609375 0.62350119921875 0.2140575078125 0.20143884843749993
5 0.19408945703125 0.42446043125 0.14217252343750003 0.08153477187500008
5 0.6773162945312501 0.48920863281250004 0.2140575078125001 0.11031174999999999
5 0.25798722109374994 0.3800959234375 0.0527156546875 0.069544365625
5 0.61900958515625 0.390887290625 0.05271565468749995 0.04796163124999997
5 0.72843450546875 0.38129496406249996 0.0670926515625001 0.086330934375
5 0.691693290625 0.41366906484375 0.07667731562499991 0.050359710937500024
5 0.8194888179687501 0.36091127109375 0.05111821093750013 0.0647482015625
5 0.82587859375 0.40647482031250004 0.08945686875000003 0.031175059375000036
5 0.896166134375 0.37649880078125003 0.047923321874999925 0.057553957812500056
5 0.9560702875 0.37410071953125 0.05910543125000001 0.0575539578125
