5 0.48372961171875 0.61193070390625 0.3947132390625 0.3913348578124999
5 0.35846267109374996 0.46453553203125 0.20346291718750004 0.23896603593749993
5 0.64241839375 0.7839824992187501 0.10711474062499993 0.14027070781250017
5 0.46334749843750006 0.32587968359374997 0.13317170312500004 0.22043914843749998
5 0.6728004937500001 0.7088683851562501 0.06865771875000004 0.05221326406250004
5 0.5777480921875 0.36192313359375 0.052122578124999985 0.05729851718750001
5 0.5637370312500001 0.25062465625 0.0830402375 0.067716428125
5 0.5411763437499999 0.29595736484375 0.05949005000000007 0.07442003593750002
5 0.5619480828125 0.1603475578125 0.06650163750000004 0.058501121875000006
5 0.51800107578125 0.16302249296875002 0.04439056718750001 0.08992320156250001
5 0.5325658648437499 0.0875235546875 0.05913243593749995 0.050533059375
5 0.5190009578125 0.02966478828125 0.06146905312499995 0.0593295765625
